1000,1000,1000,1000,1000,1000,1000,1000,1000,1000,1000,1000,1000,1000,1000,1000,1000,1000,1000,1000,1000,1000,1000,1000,1000,1000,1000,1000,1000,1000,1000,1000,1000,1000,1000,1000,1000,1000,1000,1000,1000,1000,1000,1000,1000,1000,1000,1000,1000,1000,1000,1000,1000,1000,1000,1000,1000,1000,1000,1000,1000,1000,1000,1000,1000,1000,1000,1000,1000,1000,1000,1000,1000,1000,1000,1000,1000,1000,1000,1000,1000,1000,1000,1000,1000,1000,1000,1000,1000,1000,1000,1000,1000,1000,1000,1000,1000,1000,1000,1000
1000,1000,1000,1000,1000,1000,1000,1000,1000,1000,1000,1000,1000,1000,1000,1000,1000,1000,1000,1000,1000,1000,1000,1000,1000,1000,1000,1000,1000,1000,1000,1000,1000,1000,1000,1000,1000,1000,1000,1000,1000,1000,1000,1000,1000,1000,1000,1000,1000,1000,1000,1000,1000,1000,1000,1000,1000,1000,1000,1000,1000,1000,1000,1000,1000,1000,1000,1000,1000,1000,1000,1000,1000,1000,1000,1000,1000,1000,1000,1000,1000,1000,1000,1000,1000,1000,1000,1000,1000,1000,1000,1000,1000,1000,1000,1000,1000,1000,1000,1000
1000,1000,1000,1000,1000,1000,1000,1000,1000,1000,1000,1000,1000,1000,1000,1000,1000,1000,1000,1000,1000,1000,1000,1000,1000,1000,1000,1000,1000,1000,1000,1000,1000,1000,1000,1000,1000,1000,1000,1000,1000,1000,1000,1000,1000,1000,1000,1000,1000,1000,1000,1000,1000,1000,1000,1000,1000,1000,1000,1000,1000,1000,1000,1000,1000,1000,1000,1000,1000,1000,1000,1000,1000,1000,1000,1000,1000,1000,1000,1000,1000,1000,1000,1000,1000,1000,1000,1000,1000,1000,1000,1000,1000,1000,1000,1000,1000,1000,1000,1000
1000,1000,1000,1000,1000,1000,1000,1000,1000,1000,1000,1000,1000,1000,1000,1000,1000,1000,1000,1000,1000,1000,1000,1000,1000,1000,1000,1000,1000,1000,1000,1000,1000,1000,1000,1000,1000,1000,1000,1000,1000,1000,1000,1000,1000,1000,1000,1000,1000,1000,1000,1000,1000,1000,1000,1000,1000,1000,1000,1000,1000,1000,1000,1000,1000,1000,1000,1000,1000,1000,1000,1000,1000,1000,1000,1000,1000,1000,1000,1000,1000,1000,1000,1000,1000,1000,1000,1000,1000,1000,1000,1000,1000,1000,1000,1000,1000,1000,1000,1000
1000,1000,1000,1000,1000,1000,1000,1000,1000,1000,1000,1000,1000,1000,1000,1000,1000,1000,1000,1000,1000,1000,1000,1000,1000,1000,1000,1000,1000,1000,1000,1000,1000,1000,1000,1000,1000,1000,1000,1000,1000,1000,1000,1000,1000,1000,1000,1000,1000,1000,1000,1000,1000,1000,1000,1000,1000,1000,1000,1000,1000,1000,1000,1000,1000,1000,1000,1000,1000,1000,1000,1000,1000,1000,1000,1000,1000,1000,1000,1000,1000,1000,1000,1000,1000,1000,1000,1000,1000,1000,1000,1000,1000,1000,1000,1000,1000,1000,1000,1000
1000,1000,1000,1000,1000,1000,1000,1000,1000,1000,1000,1000,1000,1000,1000,1000,1000,1000,1000,1000,1000,1000,1000,1000,1000,1000,1000,1000,1000,1000,1000,1000,1000,1000,1000,1000,1000,1000,1000,1000,1000,1000,1000,1000,1000,1000,1000,1000,1000,1000,1000,1000,1000,1000,1000,1000,1000,1000,1000,1000,1000,1000,1000,1000,1000,1000,1000,1000,1000,1000,1000,1000,1000,1000,1000,1000,1000,1000,1000,1000,1000,1000,1000,1000,1000,1000,1000,1000,1000,1000,1000,1000,1000,1000,1000,1000,1000,1000,1000,1000
1000,1000,1000,1000,1000,1000,1000,1000,1000,1000,1000,1000,1000,1000,1000,1000,1000,1000,1000,1000,1000,1000,1000,1000,1000,1000,1000,1000,1000,1000,1000,1000,1000,1000,1000,1000,1000,1000,1000,1000,1000,1000,1000,1000,1000,1000,1000,1000,1000,1000,1000,1000,1000,1000,1000,1000,1000,1000,1000,1000,1000,1000,1000,1000,1000,1000,1000,1000,1000,1000,1000,1000,1000,1000,1000,1000,1000,1000,1000,1000,1000,1000,1000,1000,1000,1000,1000,1000,1000,1000,1000,1000,1000,1000,1000,1000,1000,1000,1000,1000
1000,1000,1000,1000,1000,1000,1000,1000,1000,1000,1000,1000,1000,1000,1000,1000,1000,1000,1000,1000,1000,1000,1000,1000,1000,1000,1000,1000,1000,1000,1000,1000,1000,1000,1000,1000,1000,1000,1000,1000,1000,1000,1000,1000,1000,1000,1000,1000,1000,1000,1000,1000,1000,1000,1000,1000,1000,1000,1000,1000,1000,1000,1000,1000,1000,1000,1000,1000,1000,1000,1000,1000,1000,1000,1000,1000,1000,1000,1000,1000,1000,1000,1000,1000,1000,1000,1000,1000,1000,1000,1000,1000,1000,1000,1000,1000,1000,1000,1000,1000
1000,1000,1000,1000,1000,1000,1000,1000,1000,1000,1000,1000,1000,1000,1000,1000,1000,1000,1000,1000,1000,1000,1000,1000,1000,1000,1000,1000,1000,1000,1000,1000,1000,1000,1000,1000,1000,1000,1000,1000,1000,1000,1000,1000,1000,1000,1000,1000,1000,1000,1000,1000,1000,1000,1000,1000,1000,1000,1000,1000,1000,1000,1000,1000,1000,1000,1000,1000,1000,1000,1000,1000,1000,1000,1000,1000,1000,1000,1000,1000,1000,1000,1000,1000,1000,1000,1000,1000,1000,1000,1000,1000,1000,1000,1000,1000,1000,1000,1000,1000
1000,1000,1000,1000,1000,1000,1000,1000,1000,1000,1000,1000,1000,1000,1000,1000,1000,1000,1000,1000,1000,1000,1000,1000,1000,1000,1000,1000,1000,1000,1000,1000,1000,1000,1000,1000,1000,1000,1000,1000,1000,1000,1000,1000,1000,1000,1000,1000,1000,1000,1000,1000,1000,1000,1000,1000,1000,1000,1000,1000,1000,1000,1000,1000,1000,1000,1000,1000,1000,1000,1000,1000,1000,1000,1000,1000,1000,1000,1000,1000,1000,1000,1000,1000,1000,1000,1000,1000,1000,1000,1000,1000,1000,1000,1000,1000,1000,1000,1000,1000
1000,1000,1000,1000,1000,1000,1000,1000,1000,1000,1000,1000,1000,1000,1000,1000,1000,1000,1000,1000,1000,1000,1000,1000,1000,1000,1000,1000,1000,1000,1000,1000,1000,1000,1000,1000,1000,1000,1000,1000,1000,1000,1000,1000,1000,1000,1000,1000,1000,1000,1000,1000,1000,1000,1000,1000,1000,1000,1000,1000,1000,1000,1000,1000,1000,1000,1000,1000,1000,1000,1000,1000,1000,1000,1000,1000,1000,1000,1000,1000,1000,1000,1000,1000,1000,1000,1000,1000,1000,1000,1000,1000,1000,1000,1000,1000,1000,1000,1000,1000
1000,1000,1000,1000,1000,1000,1000,1000,1000,1000,1000,1000,1000,1000,1000,1000,1000,1000,1000,1000,1000,1000,1000,1000,1000,1000,1000,1000,1000,1000,1000,1000,1000,1000,1000,1000,1000,1000,1000,1000,1000,1000,1000,1000,1000,1000,1000,1000,1000,1000,1000,1000,1000,1000,1000,1000,1000,1000,1000,1000,1000,1000,1000,1000,1000,1000,1000,1000,1000,1000,1000,1000,1000,1000,1000,1000,1000,1000,1000,1000,1000,1000,1000,1000,1000,1000,1000,1000,1000,1000,1000,1000,1000,1000,1000,1000,1000,1000,1000,1000
1000,1000,1000,1000,1000,1000,1000,1000,1000,1000,1000,1000,1000,1000,1000,1000,1000,1000,1000,1000,1000,1000,1000,1000,1000,1000,1000,1000,1000,1000,1000,1000,1000,1000,1000,1000,1000,1000,1000,1000,1000,1000,1000,1000,1000,1000,1000,1000,1000,1000,1000,1000,1000,1000,1000,1000,1000,1000,1000,1000,1000,1000,1000,1000,1000,1000,1000,1000,1000,1000,1000,1000,1000,1000,1000,1000,1000,1000,1441.6451265472,1495.30559769723,1197.34788522544,1000,1000,1000,1000,1000,1000,1000,1000,1000,1000,1000,1000,1000,1000,1000,1000,1000,1000,1000
1000,1000,1000,1000,1000,1000,1000,1000,1000,1000,1000,1000,1000,1000,1000,1000,1000,1000,1000,1000,1000,1000,1000,1000,1000,1000,1000,1000,1000,1000,1000,1000,1000,1000,1000,1000,1000,1000,1000,1000,1000,1000,1000,1000,1000,1000,1000,1000,1000,1000,1000,1000,1000,1000,1000,1000,1000,1000,1000,1000,1000,1000,1000,1000,1000,1000,1000,1000,1000,1000,1000,1000,1000,1000,1000,1000,1117.03280370013,1389.84832983819,1500,1500,1500,1104.23926208526,1000,1000,1000,1000,1000,1000,1000,1000,1000,1000,1000,1000,1000,1000,1000,1000,1000,1000
1000,1000,1000,1000,1000,1000,1000,1000,1000,1000,1000,1000,1000,1000,1000,1000,1000,1000,1000,1000,1000,1000,1000,1000,1000,1000,1000,1000,1000,1000,1000,1000,1000,1000,1000,1000,1000,1000,1000,1000,1000,1000,1000,1000,1000,1000,1000,1000,1000,1000,1000,1000,1000,1000,1000,1000,1000,1000,1000,1000,1000,1000,1000,1000,1000,1000,1000,1000,1000,1000,1000,1000,1007.64432354945,1019.40497880483,1000,1474.19104263513,1500,1500,1500,1500,1500,1500,1075.77466626414,1000,1000,1000,1000,1000,1000,1000,1000,1000,1000,1000,1000,1000,1000,1000,1000,1000
1000,1000,1000,1000,1000,1000,1000,1000,1000,1000,1000,1000,1000,1000,1000,1000,1000,1000,1000,1000,1000,1000,1000,1000,1000,1000,1000,1000,1000,1000,1000,1000,1000,1000,1000,1000,1000,1000,1000,1000,1000,1000,1000,1000,1000,1000,1000,1000,1000,1000,1000,1000,1000,1000,1000,1000,1000,1000,1000,1000,1000,1000,1000,1000,1000,1000,1000,1000,1000,1000,1000,1117.36928034393,1500,1500,1500,1500,1500,1500,1500,1500,1500,1500,1410.83276021361,1000,1000,1000,1000,1000,1000,1000,1000,1000,1000,1000,1000,1000,1000,1000,1000,1000
1000,1000,1000,1000,1000,1000,1000,1000,1000,1000,1000,1000,1000,1000,1000,1000,1000,1000,1000,1000,1000,1000,1000,1000,1000,1000,1000,1000,1000,1000,1000,1000,1000,1000,1000,1000,1000,1000,1000,1000,1000,1000,1000,1000,1000,1000,1000,1000,1000,1000,1000,1000,1000,1000,1000,1000,1000,1000,1000,1000,1000,1000,1000,1000,1000,1000,1000,1000,1000,1479.20019845654,1500,1500,1500,1500,1500,1500,1500,1500,1500,1500,1500,1500,1449.53749812627,1000,1000,1000,1000,1000,1000,1000,1000,1000,1000,1000,1000,1000,1000,1000,1000,1000
1000,1000,1000,1000,1000,1000,1000,1000,1000,1000,1000,1000,1000,1000,1000,1000,1000,1000,1000,1000,1000,1000,1000,1000,1000,1000,1000,1000,1000,1000,1000,1000,1000,1000,1000,1000,1000,1000,1000,1000,1000,1000,1000,1000,1000,1000,1000,1000,1000,1000,1000,1000,1000,1000,1000,1000,1000,1000,1000,1000,1000,1000,1000,1000,1000,1000,1000.01599734401,1278.99181760171,1493.15725677646,1500,1500,1500,1500,1500,1500,1500,1500,1500,1500,1469.34020265681,1098.80857180508,1358.66817223982,1377.65630105633,1000,1000,1000,1000,1000,1000,1000,1000,1000,1000,1000,1000,1000,1000,1000,1000,1000
1000,1000,1000,1000,1000,1000,1000,1000,1000,1000,1000,1000,1000,1000,1000,1000,1000,1000,1000,1000,1000,1000,1000,1000,1000,1000,1000,1000,1000,1000,1000,1000,1000,1000,1000,1000,1000,1000,1000,1000,1000,1000,1000,1000,1000,1000,1000,1000,1000,1000,1000,1000,1000,1000,1000,1000,1000,1000,1000,1000,1000,1000,1000,1056.70197376833,1011.60767150138,1012.8203053399,1500,1500,1500,1500,1500,1500,1500,1500,1500,1500,1500,1500,1473.77751892158,1000,1000,1000,1000,1000,1000,1000,1000,1000,1000,1000,1000,1000,1000,1000,1000,1000,1000,1000,1000,1000
1000,1000,1000,1000,1000,1000,1000,1000,1000,1000,1000,1000,1000,1000,1000,1000,1000,1000,1000,1000,1000,1000,1000,1000,1000,1000,1000,1000,1000,1000,1000,1000,1000,1000,1000,1000,1000,1000,1000,1000,1000,1000,1000,1000,1000,1000,1000,1000,1000,1000,1000,1000,1000,1000,1000,1000,1000,1000,1000,1000,1000,1000,1354.64958057852,1500,1500,1500,1500,1500,1500,1500,1500,1500,1500,1500,1500,1500,1500,1500,1500,1025.5782130514,1000,1000,1000,1000,1000,1000,1000,1000,1000,1000,1000,1000,1000,1000,1000,1000,1000,1000,1000,1000
1000,1000,1000,1000,1000,1000,1000,1000,1000,1000,1000,1000,1000,1000,1000,1000,1000,1000,1000,1000,1000,1000,1000,1000,1000,1000,1000,1000,1000,1000,1000,1000,1000,1000,1000,1000,1000,1000,1000,1000,1000,1000,1000,1000,1000,1000,1000,1000,1000,1000,1000,1000,1000,1000,1000,1000,1000,1000,1000,1000,1500,1500,1500,1500,1500,1500,1500,1500,1500,1500,1500,1500,1500,1500,1500,1500,1500,1500,1500,1500,1500,1500,1500,1500,1500,1000,1000,1000,1000,1000,1000,1000,1000,1000,1000,1000,1000,1000,1000,1000
1000,1000,1000,1000,1000,1000,1000,1000,1000,1000,1000,1000,1000,1000,1000,1000,1000,1000,1000,1000,1000,1000,1000,1000,1000,1000,1000,1000,1000,1000,1000,1000,1000,1000,1000,1000,1000,1000,1000,1000,1000,1000,1000,1000,1000,1000,1000,1000,1000,1000,1000,1000,1000,1000,1000,1000,1000,1183.18681014428,1391.82621868644,1500,1500,1500,1500,1500,1500,1500,1500,1500,1500,1500,1500,1500,1500,1500,1500,1500,1500,1500,1500,1500,1500,1500,1500,1500,1500,1000,1000,1000,1000,1000,1000,1000,1000,1000,1000,1000,1000,1000,1000,1000
1000,1000,1000,1000,1000,1000,1000,1000,1000,1000,1000,1000,1000,1000,1000,1000,1000,1000,1000,1000,1000,1000,1000,1000,1000,1000,1000,1000,1000,1000,1000,1000,1000,1000,1000,1000,1000,1000,1000,1000,1000,1000,1000,1000,1000,1000,1000,1000,1000,1000,1000,1000,1000,1000,1000,1075.92425020264,1098.07857168092,1500,1500,1500,1500,1500,1500,1500,1500,1500,1500,1500,1500,1500,1500,1500,1500,1500,1500,1500,1500,1500,1500,1500,1500,1500,1500,1500,1500,1000,1000,1000,1000,1000,1000,1000,1000,1000,1000,1000,1000,1000,1000,1000
1000,1000,1000,1000,1000,1000,1000,1000,1000,1000,1000,1000,1000,1000,1000,1000,1000,1000,1000,1000,1000,1000,1000,1000,1000,1000,1000,1000,1000,1000,1000,1000,1000,1000,1000,1000,1000,1000,1000,1000,1000,1000,1000,1000,1000,1000,1000,1000,1000,1000,1000,1000,1000,1000,1234.00503047742,1500,1500,1500,1500,1500,1500,1500,1500,1500,1500,1500,1500,1500,1500,1500,1500,1500,1500,1500,1500,1500,1500,1500,1500,1500,1500,1500,1500,1500,1500,1000,1000,1000,1000,1000,1000,1000,1000,1000,1000,1000,1000,1000,1000,1000
1000,1000,1000,1000,1000,1000,1000,1000,1000,1000,1000,1000,1000,1000,1000,1000,1000,1000,1000,1000,1000,1000,1000,1000,1000,1000,1000,1000,1000,1000,1000,1000,1000,1000,1000,1000,1000,1000,1000,1000,1000,1000,1000,1000,1000,1000,1000,1000,1000,1000,1000,1000,1500,1500,1500,1500,1500,1500,1500,1500,1500,1500,1500,1500,1500,1500,1500,1500,1500,1500,1500,1500,1500,1500,1500,1500,1500,1500,1500,1500,1500,1500,1500,1500,1500,1007.8811105014,1000,1000,1000,1000,1000,1000,1000,1000,1000,1000,1000,1000,1000,1000
1000,1000,1000,1000,1000,1000,1000,1000,1000,1000,1000,1000,1000,1000,1000,1000,1000,1000,1000,1000,1000,1000,1000,1000,1000,1000,1000,1000,1000,1000,1000,1000,1000,1000,1000,1000,1000,1000,1000,1000,1000,1000,1000,1000,1000,1000,1000,1000,1000,1050.05570756026,1449.35144237704,1500,1500,1500,1500,1500,1500,1500,1500,1500,1500,1500,1500,1500,1500,1500,1801.05048859159,1927.10243153867,1956.65038630828,1927.89852619487,1500,1500,1500,1500,1500,1500,1500,1500,1500,1500,1500,1500,1500,1500,1500,1000,1000,1000,1000,1000,1000,1000,1000,1000,1000,1000,1000,1000,1000,1000
1000,1000,1000,1000,1000,1000,1000,1000,1000,1000,1000,1000,1000,1000,1000,1000,1000,1000,1000,1000,1000,1000,1000,1000,1000,1000,1000,1000,1000,1000,1000,1000,1000,1000,1000,1000,1000,1000,1000,1000,1000,1000,1000,1000,1044.15365553589,1283.00998776949,1133.55677406872,1105.91719765651,1064.60991395616,1500,1500,1500,1500,1500,1500,1500,1500,1500,1500,1500,1500,1500,1500,1500,1500,1601.42098323479,2000,2000,2000,2000,1894.2783298825,1609.43551187225,1655.29887884973,1633.88076565398,1500,1500,1500,1500,1500,1500,1500,1500,1500,1487.49580327204,1006.20558504889,1000,1000,1000,1000,1000,1000,1000,1000,1000,1000,1000,1000,1000,1000,1000
1000,1000,1000,1000,1000,1000,1000,1000,1000,1000,1000,1000,1000,1000,1000,1000,1000,1000,1000,1000,1000,1000,1000,1000,1000,1000,1000,1000,1000,1000,1000,1000,1000,1000,1000,1000,1000,1000,1000,1000,1000,1000,1000,1000,1500,1500,1500,1500,1500,1500,1500,1500,1500,1500,1500,1500,1500,1500,1500,1500,1500,1500,1500,1500,1500,1624.09091908504,2000,2000,2000,2000,2000,2000,2000,2000,1907.91554330519,1500,1500,1500,1500,1499.02182630802,1494.48738854881,1486.90702154999,1498.72355530629,1025.10270343183,1000,1000,1000,1000,1000,1000,1000,1000,1000,1000,1000,1000,1000,1000,1000,1000
1000,1000,1000,1000,1000,1000,1000,1000,1000,1000,1000,1000,1000,1000,1000,1000,1000,1000,1000,1000,1000,1000,1000,1000,1000,1000,1000,1000,1000,1000,1000,1000,1000,1000,1000,1000,1000,1000,1000,1000,1000,1340.9317752197,1500,1500,1500,1500,1500,1500,1500,1500,1500,1500,1500,1500,1500,1500,1500,1500,1500,1500,1500,1500,1500,1500,1500,1597.37947246857,2000,2000,2000,2000,2000,2000,2000,2000,2000,1500,1500,1500,1500,1079.06995365681,1000,1000,1000,1000,1000,1000,1000,1000,1000,1000,1000,1000,1000,1000,1000,1000,1000,1000,1000,1000
1000,1000,1000,1000,1000,1000,1000,1000,1000,1000,1000,1000,1000,1000,1000,1000,1000,1000,1000,1000,1000,1000,1000,1000,1000,1000,1000,1000,1000,1000,1000,1000,1000,1000,1000,1000,1000,1000,1000,1000,1145.22297890297,1500,1500,1500,1500,1500,1500,1500,1500,1500,1500,1500,1500,1500,1500,1500,1500,1500,2000,2000,1679.30335040323,1500,1500,1500,1500,1872.2499604403,2000,2000,2000,2000,2000,2000,2000,2000,1819.89098368336,1500,1500,1500,1313.38927680603,1000,1000,1000,1000,1000,1000,1000,1000,1000,1000,1000,1000,1000,1000,1000,1000,1000,1000,1000,1000,1000
1000,1000,1000,1000,1000,1000,1000,1000,1000,1000,1000,1000,1000,1000,1000,1000,1000,1000,1000,1000,1000,1000,1000,1000,1000,1000,1000,1000,1000,1000,1000,1000,1000,1000,1000,1000,1000,1000,1370.26324293486,1255.19132947074,1478.43256063682,1500,1500,1500,1500,1500,1500,1620.24450756689,1940.94252398525,1607.7942376871,1751.02124789069,1630.48005000156,1500,1500,1500,1500,1500,1500,2000,2000,1587.25178693947,1500,1500,1500,1833.76452135864,2000,2000,2000,2000,2000,1997.13228894772,1698.22649978234,1781.9292287665,1751.33084331573,1500,1500,1500,1500,1382.44086125467,1000,1000,1000,1000,1000,1000,1000,1000,1000,1000,1000,1000,1000,1000,1000,1000,1000,1000,1000,1000,1000
1000,1000,1000,1000,1000,1000,1000,1000,1000,1000,1000,1000,1000,1000,1000,1000,1000,1000,1000,1000,1000,1000,1000,1000,1000,1000,1000,1000,1000,1000,1000,1000,1000,1000,1000,1000,1000,1388.78912271,1500,1500,1500,1500,1500,1500,1500,1500,1656.989319882,2000,2000,2000,2000,2000,1715.86834120822,1500,1500,1500,1500,2000,2000,2000,2000,1517.107511217,1500,1659.46706346572,2000,2000,2000,2000,1971.32878715165,2000,1500,1500,1500,1500,1500,1500,1500,1500,1405.55901732824,1000,1000,1000,1000,1000,1000,1000,1000,1000,1000,1000,1000,1000,1000,1000,1000,1000,1000,1000,1000,1000
1000,1000,1000,1000,1000,1000,1000,1000,1000,1000,1000,1000,1000,1000,1000,1000,1000,1000,1000,1000,1000,1000,1000,1000,1000,1000,1000,1000,1000,1000,1000,1000,1000,1000,1000,1500,1500,1500,1500,1500,1500,1500,1500,1500,1999.64934373288,2000,2000,2000,2000,2000,2000,2000,1975.25764627507,1543.35695827148,1500,1505.2028358127,2000,2000,2000,2000,2000,2000,2000,2000,2000,2000,2000,1599.00720383598,1500,1500,1500,1500,1500,1500,1500,1500,1500,1500,1048.47861963292,1000,1000,1000,1000,1000,1000,1000,1000,1000,1000,1000,1000,1000,1000,1000,1000,1000,1000,1000,1000,1000
1000,1000,1000,1000,1000,1000,1000,1000,1000,1000,1000,1000,1000,1000,1000,1000,1000,1000,1000,1000,1000,1000,1000,1000,1000,1000,1000,1000,1000,1000,1000,1000,1223.28695910848,1500,1500,1500,1500,1500,1500,1500,1500,1500,1501.2404517148,1945.17796169442,2000,2000,2000,2000,2000,2000,2000,2000,2000,2000,1925.22377426916,2000,2000,2000,2000,2000,2000,2000,2000,2000,2000,2000,1986.17968419011,1500,1500,1500,1500,1500,1500,1500,1500,1500,1489.97994193305,1000,1000,1000,1000,1000,1000,1000,1000,1000,1000,1000,1000,1000,1000,1000,1000,1000,1000,1000,1000,1000,1000,1000
1000,1000,1000,1000,1000,1000,1000,1000,1000,1000,1000,1000,1000,1000,1000,1000,1000,1000,1000,1000,1000,1000,1000,1000,1000,1000,1000,1000,1000,1363.5822285094,1213.9966460532,1254.29797562106,1500,1500,1500,1500,1500,1500,1500,1500,1500,1500,2000,2000,2000,2000,2000,2000,2000,2000,2000,2000,2000,2000,2000,2000,2000,2000,2000,2000,2000,2000,2000,2000,2000,2000,1986.26095166858,1500,1500,1500,1500,1500,1500,1500,1500,1500,1000,1000,1000,1000,1000,1000,1000,1000,1000,1000,1000,1000,1000,1000,1000,1000,1000,1000,1000,1000,1000,1000,1000,1000
1000,1000,1000,1000,1000,1000,1000,1000,1000,1000,1000,1000,1000,1000,1000,1000,1000,1000,1000,1000,1000,1000,1000,1000,1000,1000,1000,1001.41961866946,1479.15432408275,1500,1500,1500,1500,1500,1500,1500,1500,1500,1500,1500,1500,1500,1976.04053298945,2000,2000,2000,2000,2000,2000,2000,2000,2000,2000,2000,2000,2000,2000,2000,2000,2000,2000,2000,2000,2000,2000,2000,1992.52216222325,1500,1500,1500,1500,1500,1500,1500,1500,1500,1500,1000,1000,1000,1000,1000,1000,1000,1000,1000,1000,1000,1000,1000,1000,1000,1000,1000,1000,1000,1000,1000,1000,1000
1000,1000,1000,1000,1000,1000,1000,1000,1000,1000,1000,1000,1000,1000,1000,1000,1000,1000,1000,1000,1000,1000,1000,1000,1000,1009.85213421803,1500,1500,1500,1500,1500,1500,1500,1500,1500,1500,1500,1500,1500,1500,1500,1641.34848259373,2000,2000,2000,2000,2000,2000,2000,2000,2000,2000,2000,2000,2000,2000,2000,2000,2000,2000,2000,2000,2000,2000,2000,2000,2000,1632.41043638188,1500,1500,1500,1500,1500,1500,1500,1500,1500,1209.20609915931,1000,1000,1000,1000,1000,1000,1000,1000,1000,1000,1000,1000,1000,1000,1000,1000,1000,1000,1000,1000,1000,1000
1000,1000,1000,1000,1000,1000,1000,1000,1000,1000,1000,1000,1000,1000,1000,1000,1000,1000,1000,1000,1000,1000,1000,1377.5250933737,1500,1500,1500,1500,1500,1500,1500,1500,1500,1500,1500,1500,1500,1500,1500,1500,1877.60337331528,2000,2000,2000,2000,2000,2000,2000,2000,2000,2000,2000,2000,2000,2000,2000,2000,2000,2000,2000,2000,2000,2000,2000,2000,2000,2000,2000,1999.58060242647,2000,1992.08768909092,1999.41177312938,1858.38187373179,1504.82249334771,1500,1500,1500,1082.88171454016,1000,1000,1000,1000,1000,1000,1000,1000,1000,1000,1000,1000,1000,1000,1000,1000,1000,1000,1000,1000,1000,1000
1000,1000,1000,1000,1000,1000,1000,1000,1000,1000,1000,1000,1000,1000,1000,1000,1000,1000,1000,1000,1000,1000,1288.84001876192,1500,1500,1500,1500,1500,1500,1968.61179520237,1992.15536552971,2000,1500,1500,1500,1500,1500,1500,1500,1704.22723786519,2000,2000,2000,2000,2000,2000,2000,2000,2000,2000,2000,2000,2000,2000,2000,2000,2000,2000,2000,2000,2000,2000,2000,2000,2000,2000,2000,2000,2000,2000,2000,2000,2000,1941.6863916576,1500,1500,1500,1141.725530962,1000,1000,1000,1000,1000,1000,1000,1000,1000,1000,1000,1000,1000,1000,1000,1000,1000,1000,1000,1000,1000,1000
1000,1000,1000,1000,1000,1000,1000,1000,1000,1000,1000,1000,1000,1000,1000,1000,1000,1000,1000,1000,1000,1314.08230472017,1500,1500,1500,1500,1500,1500,1996.49595463228,2000,2000,2000,1500,1500,1500,1500,1500,1500,1809.83063232789,2000,2000,2000,2000,2000,2000,2000,2000,2000,2000,2000,2000,2000,2000,2000,2000,2000,2000,2000,2000,2000,2000,2000,2000,2000,2000,2000,2000,2000,2000,2000,2000,2000,2000,1852.37931613043,1500,1500,1500,1110.88952516041,1000,1000,1000,1000,1000,1000,1000,1000,1000,1000,1000,1000,1000,1000,1000,1000,1000,1000,1000,1000,1000,1000
1000,1000,1000,1000,1000,1000,1000,1000,1000,1000,1000,1000,1000,1000,1000,1000,1000,1000,1000,1000,1000,1405.32469052815,1500,1500,1500,1500,1860.44170178533,2000,2000,2000,2000,2000,1869.38801055431,1500,1500,1500,1500,1500,1939.44454441639,2000,2000,2000,2000,2000,2000,2000,2000,2000,2000,2000,2000,2000,2000,2000,2000,2000,2000,2000,2000,2000,2000,2000,2000,2000,2000,2000,2000,2000,2000,2000,2000,2000,1981.72013927457,1500.68687684499,1500,1500,1500,1156.02435826559,1000,1000,1000,1000,1000,1000,1000,1000,1000,1000,1000,1000,1000,1000,1000,1000,1000,1000,1000,1000,1000,1000
1000,1000,1000,1000,1000,1000,1000,1000,1000,1000,1000,1000,1000,1000,1000,1000,1000,1000,1000,1000,1000,1472.16234889397,1500,1500,1500,1500,1688.67604642401,2000,2000,2000,2000,2000,2000,1500,1500,1500,1500,1500,1597.50332336319,2000,2000,2000,2000,2000,2000,2000,2000,2000,2000,2000,2000,2000,2000,2000,2000,2000,2000,2000,2000,2000,2000,2000,2000,2000,2000,2000,2000,2000,2000,2000,1524.85104501106,1500,1500,1500,1500,1500,1500,1000,1000,1000,1000,1000,1000,1000,1000,1000,1000,1000,1000,1000,1000,1000,1000,1000,1000,1000,1000,1000,1000,1000
1000,1000,1000,1000,1000,1000,1000,1000,1000,1000,1000,1000,1000,1000,1000,1000,1000,1000,1335.0620233182,1463.85045428048,1500,1500,1500,1500,1500,1500,1574.39094180429,2000,2000,2000,2000,2000,2000,1519.7634266896,1500,1500,1500,1500,1500,1504.19271788171,1577.12557066152,1558.35139950505,1572.26171074562,1615.46708639814,1543.09450226052,2000,2000,2000,2000,2000,2000,2000,2000,2000,2000,2000,2000,2000,2000,2000,2000,2000,2000,2000,2000,2000,2000,1979.68806450831,1538.47611271184,1544.10113660061,1500,1500,1500,1500,1500,1498.15748280192,1000,1000,1000,1000,1000,1000,1000,1000,1000,1000,1000,1000,1000,1000,1000,1000,1000,1000,1000,1000,1000,1000,1000,1000
1000,1000,1000,1000,1000,1000,1000,1000,1000,1000,1000,1000,1000,1000,1000,1000,1000,1244.61032540398,1500,1500,1500,1500,1500,1500,1500,1500,1500,1616.38298601482,2000,2000,2000,2000,2000,2000,1639.57499249231,1500,1500,1500,1500,1500,1500,1500,1500,1500,1500,1504.84098068484,1918.53597799847,1886.23105338835,2000,2000,2000,2000,2000,2000,2000,2000,2000,2000,2000,2000,2000,2000,2000,2000,2000,2000,2000,1500,1500,1500,1500,1500,1500,1500,1493.79979497998,1000,1000,1253.61717643241,1121.55872881133,1109.2755342026,1410.65191083654,1000,1000,1000,1111.69234219756,1151.23485383289,1106.5438134626,1000,1000,1000,1000,1000,1000,1000,1000,1000,1000,1000,1000,1000
1000,1000,1000,1000,1000,1000,1000,1000,1000,1000,1000,1000,1000,1000,1000,1000,1116.86518135491,1500,1500,1500,1500,1500,1500,1500,1500,1500,1500,1500,1500,2000,2000,2000,2000,2000,2000,1511.69132249216,1500,1500,1500,1500,1500,1500,1500,1500,1500,1500,1500,1500,1637.45149067711,2000,2000,2000,2000,2000,2000,2000,2000,2000,2000,2000,2000,2000,2000,2000,2000,2000,1500,1500,1500,1500,1500,1500,1500,1434.13814239394,1000,1000,1000,1499.63376016714,1500,1500,1500,1500,1000,1500,1500,1500,1500,1301.06721233973,1000,1000,1000,1000,1000,1000,1000,1000,1000,1000,1000,1000
1000,1000,1000,1000,1000,1000,1000,1000,1000,1000,1000,1000,1000,1386.78511147724,1500,1500,1500,1500,1500,1500,1500,1500,1500,1500,1500,1500,1500,1500,1566.60066434436,2000,2000,2000,2000,2000,2000,2000,2000,1860.06263879095,1500,1500,1500,1500,1500,1500,1500,1500,1500,1500,1895.96089585278,2000,2000,2000,2000,2000,2000,2000,2000,2000,2000,2000,2000,2000,2000,2000,2000,2000,1500,1500,1500,1500,1500,1500,1500,1483.74263260174,1000,1000,1000,1500,1500,1500,1500,1500,1500,1500,1500,1500,1500,1480.19709484305,1000,1000,1000,1000,1000,1000,1000,1000,1000,1000,1000,1000
1000,1000,1000,1000,1000,1000,1000,1000,1000,1000,1000,1000,1000,1175.81315806282,1500,1500,1500,1500,1500,1500,1500,1500,1889.11531729694,2000,2000,1912.29273344138,1500,1664.84726383327,2000,2000,2000,2000,2000,2000,2000,2000,2000,2000,2000,2000,1500,1500,1500,1500,1500,1500,1500,1986.44319657225,2000,2000,2000,2000,2000,2000,2000,2000,2000,2000,2000,2000,2000,2000,2000,2000,2000,2000,2000,1613.07934355636,1500,1500,1500,1500,1500,1500,1500,1427.7612475431,1500,1500,1500,1500,1500,1500,1500,1500,1500,1500,1500,1459.12475187842,1000,1000,1000,1000,1000,1000,1000,1000,1000,1000,1000,1000
1000,1000,1000,1000,1000,1000,1000,1000,1000,1000,1000,1000,1000,1184.30317241723,1500,1500,1500,1500,1500,1500,1500,1823.59195721508,2000,2000,2000,2000,1832.14233193957,2000,2000,2000,2000,2000,2000,2000,2000,2000,2000,2000,2000,2000,1978.24818090457,1813.23151775538,1504.58446738872,1500,1500,1517.68135415,1933.05179170241,2000,2000,2000,2000,2000,2000,2000,2000,2000,2000,2000,2000,2000,2000,2000,2000,2000,2000,2000,2000,2000,1555.75047747448,1500,1500,1500,1500,1500,1500,1500,1500,1500,1500,1500,1500,1500,1500,1500,1500,1500,1500,1467.54075178253,1000,1000,1000,1000,1000,1000,1000,1000,1000,1000,1000,1000
1000,1000,1000,1000,1000,1000,1000,1000,1000,1000,1000,1000,1000,1164.51901518239,1500,1500,1500,1500,1500,1500.57668884034,1682.1362863565,2000,2000,2000,2000,2000,2000,2000,2000,2000,2000,2000,2000,2000,2000,2000,2000,2000,2000,2000,2000,2000,2000,1518.4121982277,1525.09312732556,1920.98322269134,2000,2000,2000,2000,2000,2000,2000,2000,2000,2000,2000,2000,2000,2000,2000,2000,2000,2000,2000,2000,2000,2000,1997.6245798342,1593.56768212336,1505.2846396101,1537.93204376408,1505.66606129342,1588.7183776654,1544.25062729225,1548.80336454144,1545.2010611444,1515.74011434859,1514.17780579297,1589.82776439123,1507.7500137592,1502.05413060102,1518.0247478319,1500,1500,1500,1500,1451.21401807781,1000,1000,1000,1000,1000,1000,1000,1000,1000,1000,1000,1000
1000,1000,1000,1000,1000,1000,1000,1000,1000,1000,1000,1000,1000,1197.88547760787,1500,1500,1500,1500,2000,2000,2000,2000,2000,2000,2000,2000,2000,2000,2000,2000,2000,2000,2000,2000,2000,2000,2000,2000,2000,2000,2000,2000,2000,2000,2000,2000,2000,2000,2000,2000,2000,2000,2000,2000,2000,2000,2000,2000,2000,2000,2000,2000,2000,2000,2000,2000,2000,2000,2000,2000,2000,2000,2000,2000,2000,2000,2000,2000,2000,2000,2000,2000,2000,1808.18326482135,1500,1500,1500,1450.72654108957,1000,1000,1000,1000,1000,1000,1000,1000,1000,1000,1000,1000
1000,1000,1000,1000,1000,1000,1000,1000,1000,1000,1000,1000,1000,1150.6737585723,1500,1500,2000,2000,2000,2000,2000,2000,2000,2000,2000,2000,2000,2000,2000,2000,2000,2000,2000,2000,2000,2000,2000,2000,2000,2000,2000,2000,2000,2000,2000,2000,2000,2000,2000,2000,2000,2000,2000,2000,2000,2000,2000,2000,2000,2000,2000,2000,2000,2000,2000,2000,2000,2000,2000,2000,2000,2000,2000,2000,2000,2000,2000,2000,2000,2000,2000,2000,2000,1991.44792813712,1507.37786110296,1500,1500,1446.96177348222,1000,1000,1000,1000,1000,1000,1000,1000,1000,1000,1000,1000
1000,1000,1000,1000,1000,1000,1000,1000,1000,1000,1000,1000,1000,1182.50988275137,1500,1500,2000,2000,2000,2000,2000,2000,2000,2000,2000,2000,2000,2000,2000,2000,2000,2000,2000,2000,2000,2000,2000,2000,2000,2000,2000,2000,2000,2000,2000,2000,2000,2000,2000,2000,2000,2000,2000,2000,2000,2000,2000,2000,2000,2000,2000,2000,2000,2000,2000,2000,2000,2000,2000,2000,2000,2000,2000,2000,2000,2000,2000,2000,2000,2000,2000,2000,2000,1983.5022814002,1500,1500,1500,1428.56711077784,1000,1000,1000,1000,1000,1000,1000,1000,1000,1000,1000,1000
1000,1000,1000,1000,1000,1000,1000,1000,1000,1000,1000,1000,1000,1263.42648221983,1500,1500,2000,2000,2000,2000,2000,2000,2000,2000,2000,2000,2000,2000,2000,2000,1976.29181807144,1960.58220636778,1930.56939977132,2000,2000,2000,2000,2000,2000,2000,2000,2000,2000,2000,2000,2000,2000,2000,2000,2000,2000,2000,2000,2000,2000,2000,2000,2000,2000,2000,2000,2000,2000,2000,2000,2000,2000,2000,2000,2000,2000,2000,2000,2000,2000,2000,2000,2000,2000,2000,2000,2000,2000,1987.16759866611,1500,1500,1500,1467.85734851203,1000,1000,1000,1000,1000,1000,1000,1000,1000,1000,1000,1000
1000,1000,1000,1000,1000,1000,1000,1000,1000,1000,1000,1000,1000,1174.34584449221,1500,1500,2000,2000,2000,2000,2000,2000,1998.98015138554,2000,1994.69434761511,2000,1998.42820605447,2000,2000,1944.49275404455,1500,1500,1500,1515.80762289499,2000,2000,2000,2000,2000,2000,2000,2000,2000,2000,2000,2000,2000,2000,2000,2000,2000,2000,2000,2000,2000,2000,2000,2000,2000,2000,2000,2000,2000,2000,2000,2000,2000,2000,2000,2000,2000,2000,2000,2000,2000,2000,2000,2000,2000,2000,2000,2000,2000,1972.41840448283,1500,1500,1500,1496.47864851872,1000,1000,1000,1000,1000,1000,1000,1000,1000,1000,1000,1000
1000,1000,1000,1000,1000,1000,1000,1000,1000,1000,1000,1000,1000,1342.05161092761,1500,1500,1500,1500,1500,1500,1501.95116465627,1503.56902146955,1500.2002774447,1502.4560616579,1500,1518.78758913533,1500,1500,1500,1500,1500,1500,1500,1500,1500,1507.50021559884,1501.12142443321,1548.91985437206,2000,2000,2000,2000,2000,2000,2000,2000,2000,2000,2000,2000,2000,2000,2000,2000,2000,2000,2000,2000,2000,2000,2000,2000,2000,2000,2000,2000,2000,2000,2000,2000,2000,2000,2000,2000,2000,2000,2000,2000,2000,2000,2000,2000,2000,1988.99770601754,1500,1500,1500,1169.3410719651,1000,1000,1000,1000,1000,1000,1000,1000,1000,1000,1000,1000
1000,1000,1000,1000,1000,1000,1000,1000,1000,1000,1000,1000,1000,1448.47341376425,1500,1500,1500,1500,1500,1500,1500,1500,1500,1500,1500,1500,1500,1500,1500,1500,1500,1500,1500,1500,1500,1500,1500,1500,1984.36249343317,2000,2000,2000,2000,2000,2000,2000,2000,2000,2000,2000,2000,2000,2000,2000,2000,2000,2000,2000,2000,2000,2000,2000,2000,2000,2000,2000,2000,2000,2000,2000,2000,2000,2000,2000,2000,2000,2000,2000,2000,2000,2000,2000,2000,1974.39101648802,1500,1500,1163.99484771025,1000,1000,1000,1000,1000,1000,1000,1000,1000,1000,1000,1000,1000
1000,1000,1000,1000,1000,1000,1000,1000,1000,1000,1000,1000,1000,1327.09115919547,1500,1500,1500,1500,1500,1500,1500,1500,1500,1500,1500,1500,1500,1500,1500,1500,1500,1500,1500,1630.35597356863,1656.16717966683,1583.201749947,1601.14336073283,1800.86361632567,2000,2000,2000,2000,2000,2000,2000,2000,2000,2000,2000,2000,2000,2000,2000,2000,2000,2000,2000,2000,2000,2000,2000,2000,2000,2000,2000,2000,2000,2000,2000,2000,2000,2000,2000,2000,2000,2000,2000,2000,2000,2000,2000,2000,2000,1998.98928506039,1500,1500,1217.20405308298,1000,1000,1000,1000,1000,1000,1000,1000,1000,1000,1000,1000,1000
1000,1000,1000,1000,1000,1000,1000,1000,1000,1000,1000,1000,1000,1456.39190853621,1500,1500,1510.90129553408,1501.79556771011,1501.20454966793,1503.94593204689,1520.33360147716,1503.39889770764,1513.9489017902,1501.85491521928,1503.09959754519,1509.18732932659,1500.98128345936,1510.58567584096,1500.77091126725,1504.82291637799,1500,1500,1922.38746542291,2000,2000,2000,2000,2000,2000,2000,2000,2000,2000,2000,2000,2000,2000,2000,2000,2000,2000,2000,2000,2000,2000,2000,2000,2000,2000,2000,2000,2000,2000,2000,2000,2000,2000,2000,2000,2000,2000,2000,2000,2000,2000,2000,2000,2000,2000,2000,2000,2000,2000,1971.56655411387,1500,1500,1189.2997128619,1000,1000,1000,1000,1000,1000,1000,1000,1000,1000,1000,1000,1000
1000,1000,1000,1000,1000,1000,1000,1000,1000,1000,1000,1000,1000,1457.32460822098,1500,1857.3593812073,2000,2000,2000,2000,2000,2000,2000,2000,2000,2000,2000,2000,2000,2000,2000,2000,2000,2000,2000,2000,2000,2000,2000,2000,2000,2000,2000,2000,2000,2000,2000,2000,2000,2000,2000,2000,2000,2000,2000,2000,2000,2000,2000,2000,2000,2000,2000,2000,2000,2000,2000,2000,2000,2000,2000,2000,2000,2000,2000,2000,2000,2000,2000,2000,2000,2000,2000,1994.07057078698,1500,1500,1217.06356552035,1000,1000,1000,1000,1000,1000,1000,1000,1000,1000,1000,1000,1000
1000,1000,1000,1000,1000,1000,1000,1000,1000,1000,1000,1000,1000,1448.63589209664,1500,2000,2000,2000,2000,2000,2000,2000,2000,2000,2000,2000,2000,2000,2000,2000,2000,2000,2000,2000,2000,2000,2000,2000,2000,2000,2000,2000,2000,2000,2000,2000,2000,2000,2000,2000,2000,2000,2000,2000,2000,2000,2000,2000,2000,2000,2000,2000,2000,2000,2000,2000,2000,2000,2000,2000,2000,2000,2000,2000,2000,2000,2000,2000,2000,2000,2000,2000,2000,1853.70321481827,1500,1500,1318.61522460377,1000,1000,1000,1000,1000,1000,1000,1000,1000,1000,1000,1000,1000
1000,1000,1000,1000,1000,1000,1000,1000,1000,1000,1000,1000,1000,1284.87290257101,1500.13574764283,2000,2000,2000,2000,2000,2000,2000,2000,2000,2000,2000,2000,2000,2000,2000,2000,2000,2000,2000,2000,2000,2000,2000,2000,2000,2000,2000,2000,2000,2000,2000,2000,2000,2000,2000,2000,2000,2000,2000,2000,2000,2000,2000,2000,2000,1958.22858412813,2000,2000,2000,2000,2000,2000,2000,2000,2000,2000,2000,2000,2000,2000,2000,2000,2000,2000,2000,2000,2000,1871.41608013705,1500,1500,1500,1278.38437054687,1000,1000,1000,1000,1000,1000,1000,1000,1000,1000,1000,1000,1000
1000,1000,1000,1000,1000,1000,1000,1000,1000,1000,1000,1000,1000,1135.03939632058,1500,2000,2000,2000,2000,2000,2000,2000,2000,2000,2000,2000,2000,2000,1884.48403878743,2000,2000,2000,2000,2000,2000,2000,2000,2000,1981.86669503144,1968.65310635905,2000,2000,2000,2000,2000,2000,2000,2000,2000,2000,2000,2000,2000,2000,2000,2000,2000,2000,2000,1623.9295922579,1500,1928.29037601285,2000,1997.79264985591,2000,2000,2000,2000,2000,2000,2000,1922.59193019952,2000,2000,2000,2000,2000,2000,2000,2000,2000,2000,1909.00873699348,1500,1500,1500,1398.18125924584,1000,1000,1000,1000,1000,1000,1000,1000,1000,1000,1000,1000,1000
1000,1000,1000,1000,1000,1000,1000,1000,1000,1000,1000,1000,1000,1210.34622161982,1500,2000,2000,2000,2000,2000,2000,2000,2000,2000,2000,2000,2000,1549.20085338074,1500,1509.32449878312,2000,2000,2000,2000,2000,2000,2000,1817.84173842421,1500,1500,1880.85349069425,2000,2000,2000,2000,2000,2000,2000,2000,2000,2000,2000,2000,2000,2000,2000,2000,2000,1647.18984225015,1500,1500,1500,1500,1500,1506.82897493562,1975.21845050541,2000,2000,2000,2000,1500,1500,1600.09938346483,2000,2000,2000,2000,2000,2000,2000,2000,2000,1878.90353431209,1500,1500,1500,1124.48997644385,1000,1000,1000,1000,1000,1000,1000,1000,1000,1000,1000,1000,1000
1000,1000,1000,1000,1000,1000,1000,1000,1000,1000,1000,1000,1000,1405.91216479574,1500,1964.03481547414,2000,2000,1651.24872944863,1507.58235639667,1524.3663051102,1512.69144381173,1550.05261692018,1500,1508.2800398784,1517.52381064987,1501.27066274501,1500,1500,1500,1555.93071646466,2000,2000,2000,2000,2000,1811.75200549007,1500,1500,1500,1500,2000,2000,2000,2000,2000,2000,2000,2000,2000,2000,2000,2000,2000,2000,2000,2000,1970.58016343475,1500,1500,1500,1500,1500,1500,1500,1534.1433169052,2000,2000,2000,1905.12611623305,1500,1500,1500,1500,1500,1987.03420254508,2000,2000,2000,2000,2000,2000,1701.19321223848,1500,1500,1500,1234.76230444398,1000,1000,1000,1000,1000,1000,1000,1000,1000,1000,1000,1000,1000
1000,1000,1000,1000,1000,1000,1000,1000,1000,1000,1000,1000,1000,1255.32091869128,1500,1585.68904339044,1950.26590260042,1627.96714480894,1500,1500,1500,1500,1500,1500,1500,1500,1500,1500,1500,1500,1500,1500,2000,2000,2000,2000,1500,1500,1500,1500,1550.96269654912,2000,2000,2000,2000,2000,2000,2000,2000,2000,2000,2000,2000,2000,2000,2000,2000,1989.57671976919,1500,1500,1500,1500,1500,1500,1500,1500,1527.51765561418,1976.2951792088,1827.01004518545,1646.63149395003,1500,1500,1500,1500,1500,1500,1782.22509549372,1754.22071023048,1840.18973354487,1733.36752034257,1576.02272095006,1699.8798666586,1500,1500,1500,1500,1371.79616311915,1000,1000,1000,1000,1000,1000,1000,1000,1000,1000,1000,1000,1000
1000,1000,1000,1000,1000,1000,1000,1000,1000,1000,1000,1000,1000,1322.62719051445,1500,1500,1500,1500,1500,1500,1500,1500,1500,1500,1500,1500,1500,1500,1500,1500,1500,1500,2000,2000,2000,2000,1500,1500,1500,1511.3611242718,2000,2000,2000,2000,2000,2000,2000,2000,2000,2000,2000,2000,2000,2000,2000,2000,2000,1968.64350372325,1500,1500,1500,1500,1500,1500,1500,1500,1500,1500,1500,1500,1500,1500,1500,1500,1500,1500,1500,1500,1500,1500,1500,1500,1500,1500,1500,1017.93597795694,1000,1000,1000,1000,1000,1000,1000,1000,1000,1000,1000,1000,1000,1000
1000,1000,1000,1000,1000,1000,1000,1000,1000,1000,1000,1000,1000,1387.67064199572,1500,1500,1500,1500,1500,1500,1500,1500,1500,1500,1500,1500,1500,1500,1500,1500,1500,1500,1500,1500,1500,1500,1500,1500,1500,1605.26617323086,2000,2000,2000,2000,2000,2000,2000,2000,2000,2000,2000,2000,2000,2000,2000,2000,2000,1959.27345206838,1500,1500,1500,1500,1500,1500,1500,1500,1500,1500,1500,1500,1500,1500,1500,1500,1500,1500,1500,1500,1500,1500,1500,1500,1500,1500,1500,1000,1000,1000,1000,1000,1000,1000,1000,1000,1000,1000,1000,1000,1000,1000
1000,1000,1000,1000,1000,1000,1000,1000,1000,1000,1000,1000,1000,1421.05259623929,1500,1500,1500,1500,1500,1500,1500,1500,1500,1500,1500,1500,1500,1500,1500,1500,1500,1500,1500,1500,1500,1500,1500,1500,1500,1985.80340483403,2000,2000,2000,2000,2000,2000,2000,2000,2000,2000,2000,2000,2000,2000,2000,2000,2000,1965.3907757323,1500,1500,1500,1500,1500,1500,1500,1500,1500,1500,1500,1500,1500,1500,1500,1500,1500,1500,1500,1500,1500,1500,1500,1500,1500,1000.18458518669,1000,1000,1000,1000,1000,1000,1000,1000,1000,1000,1000,1000,1000,1000,1000,1000
1000,1000,1000,1000,1000,1000,1000,1000,1000,1000,1000,1000,1000,1392.65702324762,1500,1500,1500,1500,1500,1500,1500,1500,1500,1500,2000,1908.53395266026,1884.96796604754,1927.94931419729,1607.67235114055,1500,1500,1500,1500,1500,1500,1500,1500,1500,1976.85593439167,2000,2000,2000,2000,2000,2000,2000,2000,2000,2000,2000,2000,2000,2000,2000,2000,2000,2000,1991.99431652645,1500,1500,1500,1500,1500,1500,1500,1500,1500,1500,1500,1500,1500,1500,1500,1500,1500,1500,1500,1500,1500,1500,1500,1107.58365369844,1097.8306608249,1000,1000,1000,1000,1000,1000,1000,1000,1000,1000,1000,1000,1000,1000,1000,1000,1000
1000,1000,1000,1000,1000,1000,1000,1000,1000,1000,1000,1000,1000,1428.77453017628,1500,1500,1500,1500,1500,1500,1500,1500,1500,1500,2000,2000,2000,2000,2000,1509.39726367791,1500,1500,1500,1500,1500,1500,1500,1500,1947.50296724419,2000,2000,2000,2000,2000,2000,2000,2000,2000,2000,2000,2000,2000,2000,2000,2000,2000,2000,2000,1995.08882645252,1548.33705165301,2147.21627845299,6260.07530483019,5425.82937402958,7262.80679678701,2986.29188663746,2764.58883290162,1500,1500,1500,1500,1500,1500,1500,1500,1500,1500,1363.59938761366,1378.48660384884,1387.10565374962,1488.03681202384,1048.13937509469,1000,1000,1000,1000,1000,1000,1000,1000,1000,1000,1000,1000,1000,1000,1000,1000,1000,1000,1000
1000,1000,1000,1000,1000,1000,1000,1000,1000,1000,1000,1000,1000,1305.66745199542,1500,1500,1500,1500,1500,1500,1500,1500,1500,1906.90337100069,2000,2000,2000,2000,2000,1546.67673655071,1500,1500,1500,1500,1500,1500,1500,1780.02881286515,2000,2000,2000,2000,2000,2000,2000,2000,2000,2000,2000,2000,2000,2000,2000,2000,2000,2000,2000,2000,15255.7966959785,19800.9603421334,20000,20000,20000,20000,20000,19936.7572861556,19963.9673653012,12831.4281115584,5387.20204179724,1500,1500,1500,1500,1500,1500,1000,1000,1000,1000,1000,1000,1000,1000,1000,1000,1000,1000,1000,1000,1000,1000,1000,1000,1000,1000,1000,1000,1000,1000,1000
1000,1000,1000,1000,1000,1000,1000,1000,1000,1000,1000,1000,1000,1222.60488097601,1500,1500,2000,2000,2000,1582.06936713739,1500,1500,1937.03328954556,2000,2000,2000,2000,2000,2000,1539.00823321159,1500,1500,1500,1500,1500,1500,1500,2000,2000,2000,2000,2000,2000,2000,2000,2000,1703.72418347969,1500,1993.55966424293,2000,2000,2000,2000,2000,2000,2000,2449.32853154949,19070.7397704791,20000,20000,20000,20000,20000,20000,20000,20000,20000,20000,20000,20000,18265.7211571056,1614.98081411481,1500,1500,1500,1000,1000,1000,1000,1000,1000,1000,1000,1000,1000,1000,1000,1000,1000,1000,1000,1000,1000,1000,1000,1000,1000,1000,1000,1000
1000,1000,1000,1000,1000,1000,1000,1000,1000,1000,1000,1000,1000,1168.80315297326,1500,1500,2000,2000,2000,2000,1894.35330260167,1964.33607787957,2000,2000,2000,2000,2000,2000,2000,1519.84485718169,1500,1500,1500,1500,1500,1500,1500,2000,2000,2000,2000,2000,2000,2000,2000,2000,1500,1500,1520.06767495496,2000,2000,2000,2000,2000,2000,2000,17561.7833900586,20000,20000,20000,20000,20000,20000,20000,20000,20000,20000,20000,20000,20000,20000,19682.7748299754,13768.7770068841,1500,1500,1500,1106.02706743645,1000,1000,1000,1000,1000,1000,1000,1000,1000,1000,1000,1000,1000,1000,1000,1000,1000,1000,1000,1000,1000,1000,1000
1000,1000,1000,1000,1000,1000,1000,1000,1000,1000,1000,1000,1000,1150.15312607138,1500,1500,2000,2000,2000,2000,2000,2000,2000,2000,2000,2000,2000,2000,2000,1500,1500,1500,1500,1500,1500,1500,1500,2000,2000,2000,2000,2000,2000,2000,2000,2000,1500,1500,1500,1570.30682970777,1996.70069891767,2000,2000,2000,2000,6854.84531136633,20000,20000,20000,20000,20000,20000,20000,20000,20000,20000,20000,20000,20000,20000,20000,20000,20000,14611.4065590058,1500,1500,1500,1098.03128673198,1000,1000,1000,1000,1000,1000,1000,1000,1000,1000,1000,1000,1000,1000,1000,1000,1000,1000,1000,1000,1000,1000
1000,1000,1000,1000,1000,1000,1000,1000,1000,1000,1000,1000,1000,1317.53974678502,1500,1500,2000,2000,2000,2000,2000,2000,2000,2000,2000,2000,2000,2000,1611.74115499983,1500,1500,1500,1500,1500,1500,1525.38479088302,1928.64494823073,2000,2000,2000,2000,2000,2000,2000,2000,2000,1500,1500,1500,1500,1500,2000,2000,2000,2000,16220.4848515217,20000,20000,20000,20000,20000,20000,20000,20000,20000,20000,20000,20000,20000,20000,20000,20000,20000,20000,3834.50780063806,1500,1500,1500,1180.433443402,1000,1000,1000,1000,1000,1000,1000,1000,1000,1000,1000,1000,1000,1000,1000,1000,1000,1000,1000,1000,1000
1000,1000,1000,1000,1000,1000,1000,1000,1000,1000,1000,1000,1000,1449.16595886043,1500,1500,2000,2000,2000,2000,2000,2000,2000,2000,2000,2000,2000,1984.60508572128,1500,1500,1500,1500,1500,1500,1500,1892.37584258117,2000,2000,2000,2000,2000,2000,2000,2000,2000,2000,1867.96765052917,1500,1500,1500,1500,1977.49322148355,2000,2000,2000,20000,20000,20000,20000,20000,20000,20000,20000,20000,20000,20000,20000,20000,20000,20000,20000,20000,20000,20000,12842.6219112521,1500,1500,1500,1421.66666633614,1000,1000,1000,1000,1000,1000,1000,1000,1000,1000,1000,1000,1000,1000,1000,1000,1000,1000,1000,1000,1000
1000,1000,1000,1000,1000,1000,1000,1000,1000,1000,1000,1000,1000,1204.47444979089,1500,1500,1947.40301349291,2000,2000,2000,2000,2000,2000,2000,2000,2000,2000,1999.89288909446,1500,1500,1500,1500,1830.33022811473,1966.80937190799,2000,2000,2000,2000,2000,2000,2000,2000,2000,2000,2000,2000,2000,1557.63173292979,1500,1500,1500,1768.90578849889,2000,2000,2000,20000,20000,20000,20000,20000,20000,20000,20000,20000,20000,20000,20000,20000,20000,20000,20000,20000,20000,20000,8355.27868685013,1500,1500,1500,1360.36126031641,1000,1000,1000,1000,1000,1000,1000,1000,1000,1000,1000,1000,1000,1000,1000,1000,1000,1000,1000,1000,1000
1000,1000,1000,1000,1000,1000,1000,1000,1000,1000,1000,1000,1000,1227.34717566128,1500,1500,1952.97102691142,2000,2000,1980.99318604014,1647.45720010978,1774.11361733805,2000,2000,2000,2000,2000,1998.40771812095,1500,1500,1500,1559.47632968851,2000,2000,2000,2000,2000,2000,2000,2000,2000,2000,2000,2000,2000,2000,2000,1624.10699725846,1500,1500,1500,1500,1657.99535116109,2000,2389.75823653837,20000,20000,20000,20000,20000,20000,20000,20000,20000,20000,20000,20000,20000,20000,20000,20000,20000,20000,20000,5446.05739643566,1500,1500,1500,1388.0431287375,1000,1000,1000,1000,1000,1000,1000,1000,1000,1000,1000,1000,1000,1000,1000,1000,1000,1000,1000,1000,1000
1000,1000,1000,1000,1000,1000,1000,1000,1000,1000,1000,1000,1000,1128.42372169511,1500,1500,1620.47286370285,1986.24610037069,1974.22614906796,1510.63692126496,1500,1500,1765.43591862879,2000,2000,2000,2000,1997.70866910978,1500,1500,1500,1555.49464104792,2000,2000,2000,2000,2000,2000,2000,2000,2000,2000,2000,2000,2000,2000,2000,1617.26215409151,1500,1500,1500,1500,1617.12379160364,2000,2145.94326362288,20000,20000,20000,20000,20000,20000,20000,20000,20000,20000,20000,20000,20000,20000,20000,20000,20000,20000,19288.5067200281,1500,1500,1500,1500,1291.62041204827,1000,1000,1000,1000,1000,1000,1000,1000,1000,1000,1000,1000,1000,1000,1000,1000,1000,1000,1000,1000,1000
1000,1000,1000,1000,1000,1000,1000,1000,1000,1000,1000,1000,1000,1140.08774367697,1500,1500,1500,1500,1500,1500,1500,1500,1617.35949247266,2000,2000,2000,2000,1989.39036184482,1500,1500,1500,1537.65066115829,2000,2000,2000,2000,2000,2000,2000,2000,2000,2000,2000,2000,2000,2000,2000,1994.11464406153,1513.8546934144,1500,1500,1500,1673.12423179897,2000,2000,20000,20000,20000,20000,20000,20000,20000,20000,20000,20000,20000,20000,20000,20000,20000,20000,20000,20000,13451.7443321384,1500,1500,1500,1500,1500,1034.76106794274,1000,1000,1000,1000,1000,1000,1000,1000,1000,1000,1000,1000,1000,1000,1000,1000,1000,1000,1000,1000
1000,1000,1000,1000,1000,1000,1000,1000,1000,1000,1000,1000,1000,1216.406536651,1500,1500,1500,1500,1500,1500,1500,1500,1603.33154916482,2000,2000,2000,2000,2000,1507.03005346092,1500,1500,1504.09500616778,1955.98032409455,2000,2000,2000,2000,2000,2000,2000,2000,2000,2000,2000,2000,2000,2000,2000,1953.05788697236,1500,1500,1500,1675.95997656903,2000,2000,19962.6559255255,20000,20000,20000,20000,20000,20000,20000,20000,20000,20000,20000,20000,20000,20000,20000,20000,20000,3113.83677429981,1500,1500,1500,1500,1500,1500,1478.61952582356,1441.18671287289,1000,1000,1000,1000,1000,1000,1000,1000,1000,1000,1000,1000,1000,1000,1000,1000,1000,1000
1000,1000,1000,1000,1000,1000,1000,1000,1000,1000,1000,1000,1000,1438.6055366327,1500,1500,1500,1500,1500,1500,1500,1500,1688.60676815203,2000,2000,2000,2000,2000,2000,1500,1500,1500,1500,2000,2000,2000,2000,2000,2000,2000,2000,2000,2000,2000,2000,2000,2000,2000,1848.32899108701,1500,1500,1500,1733.72282977198,2000,2000,16835.4050870338,20000,20000,20000,20000,20000,20000,20000,20000,20000,20000,20000,20000,20000,20000,20000,20000,15936.4948218933,1500,1500,1500,1500,1500,1500,1500,1500,1500,1314.1162721938,1000,1000,1000,1000,1000,1000,1000,1000,1000,1000,1000,1000,1000,1000,1000,1000,1000
1000,1000,1000,1000,1000,1000,1000,1000,1000,1000,1000,1000,1000,1458.06657960799,1500,1500,1500,1500,1500,1637.45141574662,1542.11354278945,1608.95207805792,1998.66580824617,2000,2000,2000,2000,2000,2000,1541.86871439324,1500,1500,1500,1999.95823310958,2000,2000,2000,2000,2000,2000,2000,2000,2000,2000,2000,2000,2000,1872.46194409036,1500,1500,1500,1500,1658.14796725013,2000,2000,2501.27194101509,18914.5794700569,20000,20000,20000,20000,20000,20000,20000,20000,20000,20000,20000,20000,20000,20000,20000,6095.95043183798,1500,1500,1500,1500,1500,1500,1500,1500,1500,1272.36773856047,1000,1000,1000,1000,1000,1000,1000,1000,1000,1000,1000,1000,1000,1000,1000,1000,1000
1000,1000,1000,1000,1000,1000,1000,1000,1000,1000,1000,1000,1000,1437.86366024625,1500,1500,1500,1500,1998.91995885675,2000,2000,2000,2000,2000,2000,2000,2000,2000,2000,1501.90568623622,1500,1500,1501.09598672522,1990.46072252694,2000,2000,2000,2000,2000,2000,2000,2000,2000,2000,2000,2000,2000,1617.80197259962,1500,1500,1500,1541.51484942594,1993.39729633926,2000,2000,2000,2982.17410378043,18643.8366201108,20000,20000,20000,20000,20000,20000,20000,20000,20000,20000,20000,20000,20000,20000,1853.91893334445,1500,1500,1500,1500,1500,1500,1500,1500,1500,1242.42039497508,1000,1000,1000,1000,1000,1000,1000,1000,1000,1000,1000,1000,1000,1000,1000,1000,1000
1000,1000,1000,1000,1000,1000,1000,1000,1000,1000,1000,1000,1000,1456.95887765217,1500,1500,2000,2000,2000,2000,2000,2000,2000,2000,2000,2000,2000,2000,2000,1533.04823124901,1500,1500,1500,1997.93599467834,2000,2000,2000,2000,2000,2000,2000,2000,2000,2000,2000,2000,2000,1500,1500,1500,1680.53135328855,1999.96225200599,2000,2000,2000,2000,2000,2000,16477.6758489464,19351.5275826511,20000,20000,20000,20000,20000,20000,20000,20000,20000,20000,20000,4366.0366877507,1500,1500,1500,1500,1500,1500,1500,1500,1500,1500,1235.2214672008,1000,1000,1000,1000,1000,1000,1000,1000,1000,1000,1000,1000,1000,1000,1000,1000,1000
1000,1000,1000,1000,1000,1000,1000,1000,1000,1000,1000,1000,1000,1173.21662057628,1500,1500,2000,2000,2000,2000,2000,2000,2000,2000,2000,2000,2000,2000,2000,1503.43830580057,1500,1500,1500,1963.90548429322,2000,2000,1945.48821431603,1526.37705760502,1730.58594959425,2000,2000,2000,2000,2000,2000,1966.94580182783,1578.23950459766,1500,1500,1508.82179921666,1984.30617778911,2000,2000,2000,2000,2000,2000,2000,2000,1745.09778987238,19003.0275185172,20000,20000,20000,20000,20000,20000,20000,20000,19206.8617180827,9270.21521832773,1500,1500,1500,1500,1500,1500,1500,1500,1500,1500,1500,1251.16277514006,1000,1000,1000,1000,1000,1000,1000,1000,1000,1000,1000,1000,1000,1000,1000,1000,1000
1000,1000,1000,1000,1000,1000,1000,1000,1000,1000,1000,1000,1000,1249.11386581921,1500,1500,2000,2000,2000,2000,2000,2000,2000,2000,2000,2000,2000,2000,2000,1533.64738946542,1500,1500,1500,1526.91742232711,1901.3550147515,1901.76502106853,1500,1500,1500,1564.12734523059,2000,2000,2000,2000,1985.57614479874,1500,1500,1500,1500,1500,2000,2000,2000,2000,2000,2000,2000,2000,2000,1500,1500,1504.05502006467,4976.93806066147,14256.1436561995,14892.0317391823,17303.3355526091,18698.5518549209,14433.7866977007,6630.33736719777,1515.76102556767,1500,1500,1500,1500,1500,1500,1500,1500,1500,1500,1500,1500,1253.1499401856,1000,1000,1000,1000,1000,1000,1000,1000,1000,1000,1000,1000,1000,1000,1000,1000,1000
1000,1000,1000,1000,1000,1000,1000,1000,1000,1000,1000,1000,1000,1174.25874909154,1500,1500,2000,2000,2000,2000,2000,2000,2000,2000,2000,2000,2000,2000,2000,1515.94682064044,1500,1500,1500,1500,1500,1500,1500,1500,1588.90387630054,2000,2000,2000,2000,2000,1955.55839022962,1500,1500,1500,1500,1500,2000,2000,2000,2000,2000,2000,2000,2000,1659.19827195351,1500,1500,1500,1500,1500,1500,1500,1500,1500,1500,1500,1500,1500,1500,1500,1500,1500,1500,1500,1500,1500,1500,1500,1211.81454101354,1000,1000,1000,1000,1000,1000,1000,1000,1000,1000,1000,1000,1000,1000,1000,1000,1000
1000,1000,1000,1000,1000,1000,1000,1000,1000,1000,1000,1000,1000,1307.21813481805,1500,1500,1708.17183100041,2000,2000,2000,2000,2000,2000,2000,2000,2000,2000,2000,2000,1554.64831456035,1500,1500,1500,1500,1500,1500,1500,1500,1999.86224269445,2000,2000,2000,2000,2000,1953.70744761652,1500,1500,1500,1500,1829.83245835259,2000,2000,2000,2000,2000,2000,1997.55067930647,1532.79251276085,1500,1500,1500,1500,1500,1500,1519.82088352419,2000,2000,1998.95039314281,2000,2000,1527.99510688099,1500,1500,1500,1500,1500,1500,1500,1500,1500,1500,1500,1277.01118489598,1000,1000,1000,1000,1000,1000,1000,1000,1000,1000,1000,1000,1000,1000,1000,1000,1000
1000,1000,1000,1000,1000,1000,1000,1000,1000,1000,1000,1000,1000,1246.52546801856,1500,1500,1500,1669.47804589843,1993.0643378888,2000,2000,2000,2000,2000,2000,2000,2000,2000,2000,1544.27676728152,1500,1500,1500,1500,1500,1500,1500,1500,2000,2000,2000,2000,2000,2000,1958.17850930189,1500,1500,1500,1614.19214213268,2000,2000,2000,2000,2000,2000,2000,1826.98967362312,1500,1500,1500,1500,1500,1500,1500,1977.21248449897,2000,2000,2000,2000,2000,2000,1935.25768223561,1996.72307362908,2000,2000,1500,1500,1500,1500,1500,1500,1500,1115.1060748658,1000,1000,1000,1000,1000,1000,1000,1000,1000,1000,1000,1000,1000,1000,1000,1000,1000
1000,1000,1000,1000,1000,1000,1000,1000,1000,1000,1000,1000,1000,1319.93937563887,1500,1500,1500,1500,1653.07465404,2000,2000,2000,2000,2000,2000,2000,2000,2000,2000,1507.79075921718,1500,1500,1500,1500,1500,1500,1501.18664400925,1934.47619830294,2000,2000,2000,2000,2000,2000,1950.32570981622,1500,1500,1500,1576.74392651067,2000,2000,2000,2000,2000,2000,2000,1999.90322777878,1500,1500,1500,1500,1500,1500,1500,1959.4861836457,2000,2000,2000,2000,2000,2000,2000,2000,2000,2000,1500,1500,1500,1500,1500,1500,1241.81302412282,1000,1000,1000,1000,1000,1000,1000,1000,1000,1000,1000,1000,1000,1000,1000,1000,1000,1000
1000,1000,1000,1000,1000,1000,1000,1000,1000,1000,1000,1000,1000,1450.99246756273,1500,1500,1500,1500,1500,1592.6810398568,2000,2000,2000,2000,2000,2000,2000,2000,2000,1850.5894021685,1500.23943958504,1500,1500,1500,1500,1500,1919.29906048786,2000,2000,2000,2000,2000,2000,2000,1967.78696739981,1500,1500,1500,1563.25468377092,2000,2000,2000,2000,2000,2000,1849.93785787724,1500,1500,1500,1500,1500,1500,1500,1505.88689059509,2000,2000,2000,2000,1972.24936456142,1976.02354462186,2000,2000,2000,2000,2000,1500,1500,1500,1500,1500,1005.22777406944,1000,1000,1000,1000,1000,1000,1000,1000,1000,1000,1000,1000,1000,1000,1000,1000,1000,1000,1000
1000,1000,1000,1000,1000,1000,1000,1000,1000,1000,1000,1000,1000,1123.63793836502,1500,1500,1500,1500,1500,1500,1588.32143879414,2000,2000,2000,2000,2000,2000,2000,2000,2000,2000,2000,1571.72146694479,1500,2000,2000,2000,2000,2000,2000,2000,2000,2000,2000,2000,1500,1500,1500,1578.1132266896,2000,2000,2000,2000,2000,2000,1500.73151626836,1500,1500,1500,1500,1500,1500,2000,2000,2000,2000,2000,1617.93122384414,1500,1500,1500,1500,1500,1500,1500,1500,1500,1500,1500,1500,1000,1000,1000,1000,1000,1000,1000,1000,1000,1000,1000,1000,1000,1000,1000,1000,1000,1000,1000,1000
1000,1000,1000,1000,1000,1000,1000,1000,1000,1000,1000,1000,1000,1188.83380087385,1500,1500,1500,1500,1500,1500,1500,1917.7381949937,2000,2000,2000,2000,2000,2000,2000,2000,2000,2000,2000,2000,2000,2000,2000,2000,2000,2000,2000,2000,2000,2000,1843.84280182159,1500,1500,1500,1591.04471541982,2000,2000,2000,2000,2000,2000,1536.0865044788,1500,1500,1500,1500,1500,1574.172640986,2000,2000,2000,2000,1985.96887124865,1500,1500,1500,1500,1500,1500,1500,1500,1500,1500,1500,1500,1435.61071058764,1000,1000,1000,1000,1000,1000,1000,1000,1000,1000,1000,1000,1000,1000,1000,1000,1000,1000,1000,1000
1000,1000,1000,1000,1000,1000,1000,1000,1000,1000,1000,1000,1000,1139.84618947678,1500,1500,1500,1500,1500,1500,1500,1853.17849739626,2000,2000,2000,2000,2000,2000,2000,2000,2000,2000,2000,2000,2000,2000,2000,2000,2000,2000,2000,2000,2000,1699.97734886021,1500,1500,1500,1500,1632.51884976654,2000,2000,2000,2000,2000,2000,1552.18689836797,1500,1500,1500,1500,1756.98821841549,2000,2000,2000,2000,2000,1988.69930953149,1500,1500,1500,1500,1500,1500,1500,1500,1500,1500,1500,1456.92185166192,1000,1000,1000,1000,1000,1000,1000,1000,1000,1000,1000,1000,1000,1000,1000,1000,1000,1000,1000,1000,1000
1000,1000,1000,1000,1000,1000,1000,1000,1000,1000,1000,1000,1000,1171.41448888882,1500,1500,1500,1500,1500,1500,1500,1500,1905.19418452938,2000,2000,2000,2000,2000,2000,2000,2000,2000,2000,2000,2000,2000,2000,2000,2000,2000,2000,2000,2000,1645.09194207857,1500,1500,1500,1500,1594.60222483536,2000,2000,2000,2000,2000,2000,1518.63540930988,1500,1500,1500,1847.58395248751,2000,2000,2000,2000,2000,2000,1992.89871915171,1500,1500,1500,1500,1500,1500,1500,1500,1500,1500,1500,1399.83485366831,1000,1000,1000,1000,1000,1000,1000,1000,1000,1000,1000,1000,1000,1000,1000,1000,1000,1000,1000,1000,1000
1000,1000,1000,1000,1000,1000,1000,1000,1000,1000,1000,1000,1000,1083.31540073552,1500,1500,1500,1500,1500,1500,1500,1500,1500,1873.57917001869,2000,2000,2000,2000,2000,2000,2000,2000,2000,2000,2000,2000,2000,2000,2000,2000,2000,2000,2000,1658.40453957555,1500,1500,1500,1500,1650.73914786589,2000,2000,2000,2000,2000,2000,1885.20377285827,1500,1500,1629.21947325105,2000,2000,2000,2000,2000,2000,2000,1990.64145755413,1500,1500,1500,1500,1500,1500,1500,1500,1500,1500,1500,1053.01702496612,1000,1000,1000,1000,1000,1000,1000,1000,1000,1000,1000,1000,1000,1000,1000,1000,1000,1000,1000,1000,1000
1000,1000,1000,1000,1000,1000,1000,1000,1000,1000,1000,1000,1000,1081.36591492362,1500,1500,1500,1500,1500,1500,1500,1500,1500,1500,1868.44427438672,2000,2000,2000,2000,2000,2000,2000,2000,2000,2000,2000,2000,2000,2000,2000,2000,2000,2000,2000,1500,1500,1500,1500,1521.36592656538,1990.09601807066,2000,2000,2000,2000,2000,2000,1984.0603730642,1928.42613984467,2000,2000,2000,2000,2000,2000,2000,2000,2000,1610.28017888898,1500,1500,1500,1500,1499.74755344213,1015.09884221209,1012.01566919459,1012.4976548126,1007.01885675229,1004.8066196479,1000,1000,1000,1000,1000,1000,1000,1000,1000,1000,1000,1000,1000,1000,1000,1000,1000,1000,1000,1000,1000,1000
1000,1000,1000,1000,1000,1000,1000,1000,1000,1000,1000,1000,1000,1371.98500089141,1500,1500,1500,1500,1500,1500,1500,1500,1500,1500,1503.94346664177,1753.93943271349,2000,2000,2000,2000,2000,2000,2000,2000,2000,2000,2000,2000,2000,2000,2000,2000,2000,2000,2000,1500,1500,1500,1500,1575.81345398925,1932.42802590136,2000,2000,2000,2000,2000,2000,2000,2000,2000,2000,2000,2000,2000,2000,2000,2000,2000,1534.35329382177,1500,1500,1500,1000,1000,1000,1000,1000,1000,1000,1000,1000,1000,1000,1000,1000,1000,1000,1000,1000,1000,1000,1000,1000,1000,1000,1000,1000,1000,1000,1000
1000,1000,1000,1000,1000,1000,1000,1000,1000,1000,1000,1000,1000,1373.7687201475,1500,1500,1500,1500,1500,1500,1500,1500,1500,1500,1500,1500,1861.76194741219,2000,2000,2000,2000,2000,2000,2000,2000,2000,2000,2000,2000,2000,2000,2000,2000,2000,1996.70848190896,1500,1500,1500,1500,1500,1500,1970.81523017321,2000,2000,2000,2000,2000,2000,2000,2000,2000,2000,2000,2000,2000,2000,2000,2000,1513.73214090252,1500,1500,1000,1000,1000,1000,1000,1000,1000,1000,1000,1000,1000,1000,1000,1000,1000,1000,1000,1000,1000,1000,1000,1000,1000,1000,1000,1000,1000,1000,1000
1000,1000,1000,1000,1000,1000,1000,1000,1000,1000,1000,1000,1000,1382.75266823462,1500,1500,1500,1500,1500,1500,1500,1500,1500,1500,1500,1500,1615.56525085572,2000,2000,2000,2000,2000,2000,2000,2000,2000,2000,2000,2000,2000,2000,2000,2000,2000,2000,1688.56158226643,1500,1500,1500,1500,1500,1984.06906285756,2000,2000,2000,2000,2000,2000,2000,2000,2000,2000,2000,2000,2000,2000,2000,2000,1535.28613465761,1500,1500,1439.1343722073,1000,1000,1000,1000,1000,1000,1000,1000,1000,1000,1000,1000,1000,1000,1000,1000,1000,1000,1000,1000,1000,1000,1000,1000,1000,1000,1000,1000
1000,1000,1000,1000,1000,1000,1000,1000,1000,1000,1000,1000,1000,1353.79502845639,1500,1500,1500,1511.16697308612,1979.99875287027,1993.91790887736,2000,1958.652364191,1530.58184163851,1500,1500,1500,1893.38611967348,2000,2000,2000,2000,2000,2000,2000,2000,2000,2000,2000,2000,2000,2000,2000,2000,2000,2000,2000,1500,1500,1500,1500,1500,1619.352566568,2000,2000,2000,2000,2000,2000,2000,2000,2000,2000,2000,2000,2000,2000,2000,1976.64458222158,1500,1500,1500,1500,1032.59330622373,1000,1000,1000,1000,1000,1000,1000,1000,1000,1000,1000,1000,1000,1000,1000,1000,1000,1000,1000,1000,1000,1000,1000,1000,1000,1000,1000
1000,1000,1000,1000,1000,1000,1000,1000,1000,1000,1000,1000,1000,1385.76292932598,1500,1500,1500,1802.11283590719,2000,2000,2000,2000,1927.95863348696,1501.90686884272,1500,1500,1625.02728628985,2000,2000,2000,2000,2000,2000,1931.70241652165,1607.95400961137,1625.06771610421,1996.31438754255,2000,2000,2000,2000,2000,2000,2000,2000,2000,1500,1500,1500,1500,1500,1500,1638.54455365963,2000,2000,2000,2000,2000,2000,2000,1998.88850880291,1739.4692682967,1502.96461103188,1910.5418330116,2000,2000,1940.68473948157,1500,1500,1500,1500,1497.44942257568,1000,1000,1000,1000,1000,1000,1000,1000,1000,1000,1000,1000,1000,1000,1000,1000,1000,1000,1000,1000,1000,1000,1000,1000,1000,1000,1000,1000
1000,1000,1000,1000,1000,1000,1000,1000,1000,1000,1000,1000,1000,1114.36173838326,1500,1500,1500,1798.53991572924,2000,2000,2000,2000,2000,1866.3716116279,1500.05809246273,1500,1500,1545.68070257784,2000,2000,2000,2000,2000,1501.98765658994,1500,1500,1560.27816344523,2000,2000,2000,2000,2000,2000,2000,2000,2000,1500,1500,1500,1500,1500,1500,1653.60813810722,2000,2000,2000,2000,2000,2000,2000,1669.79244148476,1500,1500,1511.79268924729,1850.54099931792,1858.84552593916,1508.24605933152,1500,1500,1500,1500,1000,1000,1000,1000,1000,1000,1000,1000,1000,1000,1000,1000,1000,1000,1000,1000,1000,1000,1000,1000,1000,1000,1000,1000,1000,1000,1000,1000,1000
1000,1000,1000,1000,1000,1000,1000,1000,1000,1000,1000,1000,1000,1164.63859646891,1500,1500,1500,1829.10169912332,2000,2000,2000,2000,2000,2000,1943.56630774245,1500,1500,1500.17343026557,2000,2000,2000,2000,1998.78094920499,1500,1500,1500,1500,1579.39120727787,1994.17437100087,2000,2000,2000,2000,2000,2000,2000,1902.72860780634,1510.86366984535,1500,1500,1500,1500,1500,1956.94168255684,1944.21473090479,2000,2000,2000,2000,2000,1615.70059476839,1500,1500,1500,1500,1500,1500,1500,1500,1500,1500,1000,1000,1000,1000,1000,1000,1000,1000,1000,1000,1000,1000,1000,1000,1000,1000,1000,1000,1000,1000,1000,1000,1000,1000,1000,1000,1000,1000,1000
1000,1000,1000,1000,1000,1000,1000,1000,1000,1000,1000,1000,1000,1159.37604456257,1500,1500,1500,1624.21564153276,1997.4043764519,2000,2000,2000,2000,2000,2000,1574.51846202483,1500,1530.07735446812,2000,2000,2000,2000,2000,1502.45988190209,1500,1500,1500,1500,1560.06858326465,1983.51670984399,2000,2000,2000,2000,2000,2000,2000,1977.00896195954,1566.09320636518,1500,1500,1500,1500,1500,1500,1522.27205863384,1990.1394697113,2000,2000,2000,1630.92322714573,1500,1500,1500,1500,1500,1500,1500,1500,1500,1307.60228240865,1000,1000,1000,1000,1000,1000,1000,1000,1000,1000,1000,1000,1000,1000,1000,1000,1000,1000,1000,1000,1000,1000,1000,1000,1000,1000,1000,1000,1000
1000,1000,1000,1000,1000,1000,1000,1000,1000,1000,1000,1000,1000,1274.60625173547,1500,1500,1500,1500,1523.96897069455,1886.78696461394,2000,2000,2000,2000,2000,1591.27928439083,1500,1530.61255199419,2000,2000,2000,2000,1997.09789652464,1500,1500,1500,1500,1500,1500,1545.20440657588,1985.84956907885,2000,2000,2000,2000,2000,2000,2000,1875.20688430669,1500,1500,1500,1500,1500,1500,1500,1697.43984214738,2000,2000,2000,1652.65454495101,1500,1500,1500,1500,1500,1500,1500,1500,1134.35319444809,1000,1000,1000,1000,1000,1000,1000,1000,1000,1000,1000,1000,1000,1000,1000,1000,1000,1000,1000,1000,1000,1000,1000,1000,1000,1000,1000,1000,1000,1000
1000,1000,1000,1000,1000,1000,1000,1000,1000,1000,1000,1000,1000,1242.66308709319,1500,1500,1500,1500,1500,1500,2000,2000,2000,2000,2000,1558.92620900771,1500,1505.19686276825,2000,2000,2000,2000,2000,1500.86866242193,1500,1500,1500,1500,1500,1500,1567.58925984548,1993.45438271157,2000,2000,2000,2000,2000,2000,1879.39308022284,1500,1500,1500,1500,1500,1500,1500,1730.09149538274,2000,2000,2000,1626.05679069478,1500,1500,1465.48570185462,1234.16795267511,1320.50463676999,1375.53451091826,1345.60761623993,1093.60695761852,1000,1000,1000,1000,1000,1000,1000,1000,1000,1000,1000,1000,1000,1000,1000,1000,1000,1000,1000,1000,1000,1000,1000,1000,1000,1000,1000,1000,1000,1000,1000
1000,1000,1000,1000,1000,1000,1000,1000,1000,1000,1000,1000,1000,1197.51475636726,1500,1500,1500,1500,1500,1500,1989.28059706902,2000,2000,2000,2000,1602.45462848108,1500,1523.34880498111,2000,2000,2000,2000,2000,1817.15589872341,1545.77931452537,1500,1500,1500,1500,1500,1500,1559.99848270466,1998.64929734839,2000,2000,2000,2000,2000,1905.80742675409,1500,1500,1500,1500,1500,1500,1893.49823146993,2000,2000,2000,2000,1687.07767411654,1500,1500,1076.12667106336,1000,1000,1000,1000,1000,1000,1000,1000,1000,1000,1000,1000,1000,1000,1000,1000,1000,1000,1000,1000,1000,1000,1000,1000,1000,1000,1000,1000,1000,1000,1000,1000,1000,1000,1000,1000
1000,1000,1000,1000,1000,1000,1000,1000,1000,1000,1000,1000,1000,1375.86244002853,1500,1500,1500,1500,1500,1500,2000,2000,2000,2000,2000,1522.37177165559,1500,1535.1404456849,2000,2000,2000,2000,2000,2000,2000,2000,1826.38922307605,1500,1500,1500,1500,1500,1542.6505249356,1997.33024229817,2000,2000,2000,2000,1895.99975171139,1500,1500,1500,1500,1500,1500,2000,2000,2000,2000,2000,1759.02330184338,1500,1500,1000.05434896052,1000,1000,1000,1000,1000,1000,1000,1000,1000,1000,1000,1000,1000,1000,1000,1000,1000,1000,1000,1000,1000,1000,1000,1000,1000,1000,1000,1000,1000,1000,1000,1000,1000,1000,1000,1000
1000,1000,1000,1000,1000,1000,1000,1000,1000,1000,1000,1000,1000,1126.58923035642,1500,1500,1500,1500,1500,1500,2000,2000,2000,2000,2000,1544.92688435093,1500,1500,2000,2000,2000,2000,2000,2000,2000,2000,2000,1559.8365946861,1500,1500,1500,1500,1500,1668.59695687746,2000,2000,2000,2000,1908.01303412724,1500,1500,1500,1500,1500,1500,2000,2000,2000,2000,2000,1574.92442081102,1500,1499.05408396806,1007.94387428712,1000,1000,1000,1000,1000,1000,1000,1000,1000,1000,1000,1000,1000,1000,1000,1000,1000,1000,1000,1000,1000,1000,1000,1000,1000,1000,1000,1000,1000,1000,1000,1000,1000,1000,1000,1000
1000,1000,1000,1000,1000,1000,1000,1000,1000,1000,1000,1000,1000,1096.01658724007,1500,1500,1500,2000,1790.73426476887,2000,2000,2000,2000,2000,2000,1501.64768315806,1500,1546.43826292435,2000,2000,2000,2000,2000,2000,2000,2000,1995.97839113335,1504.24905239167,1500,1500,1500,1500,1500,1870.35496249971,2000,2000,2000,2000,1910.67968017426,1500,1500,1500,1500,1500,1500,2000,2000,2000,2000,1549.9661572595,1500,1500,1500,1011.40405303103,1000,1000,1000,1000,1000,1000,1000,1000,1000,1000,1000,1000,1000,1000,1000,1000,1000,1000,1000,1000,1000,1000,1000,1000,1000,1000,1000,1000,1000,1000,1000,1000,1000,1000,1000,1000
1000,1000,1000,1000,1000,1000,1000,1000,1000,1000,1000,1000,1000,1143.40854933708,1500,1500,1500,1938.77353169532,2000,2000,2000,2000,2000,2000,1545.00874704739,1500,1531.42119451923,2000,2000,2000,2000,2000,2000,2000,2000,2000,2000,1502.11787281423,1500,1500,1500,1500,1500,1830.99513121196,2000,2000,2000,2000,1931.91084953581,1500,1500,1500,1500,1500,1500,2000,2000,2000,1581.41587322057,1500,1500,1500,1500,1000,1000,1000,1000,1000,1000,1000,1000,1000,1000,1000,1000,1000,1000,1000,1000,1000,1000,1000,1000,1000,1000,1000,1000,1000,1000,1000,1000,1000,1000,1000,1000,1000,1000,1000,1000,1000
1000,1000,1000,1000,1000,1000,1000,1000,1000,1000,1000,1000,1000,1420.27803382883,1500,1500,1500,1902.25755843004,2000,2000,2000,2000,2000,2000,1500,1500,1974.84450308251,2000,2000,2000,2000,2000,2000,2000,2000,2000,2000,1500,1500,1500,1500,1500,1500,1500,1880.67874211535,2000,2000,2000,1854.23478339102,1500,1500,1500,1500,1500,1500,1500,1500,1500,1500,1500,1500,1500,1097.98976809897,1000,1000,1000,1000,1000,1000,1000,1000,1000,1000,1000,1000,1000,1000,1000,1000,1000,1000,1000,1000,1000,1000,1000,1000,1000,1000,1000,1000,1000,1000,1000,1000,1000,1000,1000,1000,1000
1000,1000,1000,1000,1000,1000,1000,1000,1000,1000,1000,1000,1000,1200.59086769689,1500,1500,1500,1581.28780746738,2000,2000,2000,2000,2000,2000,1504.78264962744,1500,1536.58865525196,1995.50377802737,2000,2000,2000,2000,2000,2000,2000,2000,1989.92457591138,1500,1500,1500,1500,1500,1500,1500,1500,2000,2000,2000,2000,1500,1500,1500,1500,1500,1500,1500,1500,1500,1500,1500,1495.89000625306,1142.72135839938,1000,1000,1000,1000,1000,1000,1000,1000,1000,1000,1000,1000,1000,1000,1000,1000,1000,1000,1000,1000,1000,1000,1000,1000,1000,1000,1000,1000,1000,1000,1000,1000,1000,1000,1000,1000,1000,1000
1000,1000,1000,1000,1000,1000,1000,1000,1000,1000,1000,1000,1000,1232.90259076687,1500,1500,1500,1500,1572.2122078527,1997.51366061836,2000,2000,2000,2000,1500,1500,1500,1527.51456087666,2000,2000,2000,2000,2000,2000,2000,2000,2000,1500,1500,1500,1500,1500,1500,1500,1500,2000,2000,2000,2000,2000,1500,1500,1500,1500,1500,1500,1500,1500,1500,1482.86272344636,1109.82648174482,1000,1000,1000,1000,1000,1000,1000,1000,1000,1000,1000,1000,1000,1000,1000,1000,1000,1000,1000,1000,1000,1000,1000,1000,1000,1000,1000,1000,1000,1000,1000,1000,1000,1000,1000,1000,1000,1000,1000
1000,1000,1000,1000,1000,1000,1000,1000,1000,1000,1000,1000,1000,1291.5043528355,1500,1500,1500,1500,1500,1500,2000,2000,2000,1996.50551981141,1500,1500,1500,1500,1548.40240507958,1937.46877311337,1921.30585574094,2000,2000,2000,2000,2000,2000,2000,1500,1500,1500,1500,1500,1500,1500,1541.78290192235,2000,2000,2000,2000,1500,1500,1500,1500,1500,1500,1500,1500,1500,1120.71081389475,1000,1000,1000,1000,1000,1000,1000,1000,1000,1000,1000,1000,1000,1000,1000,1000,1000,1000,1000,1000,1000,1000,1000,1000,1000,1000,1000,1000,1000,1000,1000,1000,1000,1000,1000,1000,1000,1000,1000,1000
1000,1000,1000,1000,1000,1000,1000,1000,1000,1000,1000,1000,1000,1251.50851943889,1500,1500,1500,1500,1500,1500,1999.64712121726,2000,2000,2000,1962.77577648682,1500,1500,1500,1500,1500,1500,1638.69774652155,2000,2000,2000,2000,2000,2000,1584.09581241996,1500,1500,1500,1500,1500,1500,1500,1998.41130694036,2000,2000,2000,1500,1500,1500,1500,1497.06817517207,1500,1489.59363703503,1500,1299.21119809684,1000,1000,1000,1000,1000,1000,1000,1000,1000,1000,1000,1000,1000,1000,1000,1000,1000,1000,1000,1000,1000,1000,1000,1000,1000,1000,1000,1000,1000,1000,1000,1000,1000,1000,1000,1000,1000,1000,1000,1000,1000
1000,1000,1000,1000,1000,1000,1000,1000,1000,1000,1000,1000,1000,1328.22704481007,1500,1500,1500,1500,1500,1500.65709059381,1998.79733446542,2000,2000,2000,2000,1886.08164006747,1500,1500,1500,1500,1500,1643.40894984034,2000,2000,2000,2000,2000,2000,1652.72736866595,1500,1500,1500,1500,1500,1500,1500,2000,2000,1500,1500,1500,1500,1500,1072.93526668012,1008.02076567423,1000,1001.65111347461,1000,1000,1000,1000,1000,1000,1000,1000,1000,1000,1000,1000,1000,1000,1000,1000,1000,1000,1000,1000,1000,1000,1000,1000,1000,1000,1000,1000,1000,1000,1000,1000,1000,1000,1000,1000,1000,1000,1000,1000,1000,1000,1000
1000,1000,1000,1000,1000,1000,1000,1000,1000,1000,1000,1000,1000,1287.99763296803,1500,1500,1500,1500,1500,1500,1997.0221538487,2000,2000,2000,2000,2000,1892.79925956123,1903.91462179116,1918.87060020793,1841.59844001359,1937.76529215788,2000,2000,2000,2000,2000,2000,2000,2000,1952.03307266329,1919.89061947685,1811.05936818262,1500,1500,1500,1500,1860.12692432864,1548.25005225068,1500,1500,1500,1500,1460.11136294607,1000,1000,1000,1000,1000,1000,1000,1000,1000,1000,1000,1000,1000,1000,1000,1000,1000,1000,1000,1000,1000,1000,1000,1000,1000,1000,1000,1000,1000,1000,1000,1000,1000,1000,1000,1000,1000,1000,1000,1000,1000,1000,1000,1000,1000,1000,1000
1000,1000,1000,1000,1000,1000,1000,1000,1000,1000,1000,1000,1000,1354.1459243691,1500,1500,1500,1500,1500,1508.64326025564,2000,2000,2000,2000,2000,2000,2000,2000,2000,2000,2000,2000,2000,2000,2000,2000,2000,2000,2000,2000,2000,2000,1538.74835399148,1500,1500,1500,1500,1500,1500,1500,1500,1500,1382.23252367718,1000,1000,1000,1000,1000,1000,1000,1000,1000,1000,1000,1000,1000,1000,1000,1000,1000,1000,1000,1000,1000,1000,1000,1000,1000,1000,1000,1000,1000,1000,1000,1000,1000,1000,1000,1000,1000,1000,1000,1000,1000,1000,1000,1000,1000,1000,1000
1000,1000,1000,1000,1000,1000,1000,1000,1000,1000,1000,1000,1000,1309.20474703451,1500,1500,1500,1500,1500,1500,2000,2000,2000,2000,2000,2000,2000,2000,2000,2000,2000,2000,2000,2000,2000,2000,2000,2000,2000,2000,2000,2000,1594.99747618223,1500,1500,1500,1500,1500,1500,1499.50804679472,1500,1482.85961569331,1019.03089180825,1000,1000,1000,1000,1000,1000,1000,1000,1000,1000,1000,1000,1000,1000,1000,1000,1000,1000,1000,1000,1000,1000,1000,1000,1000,1000,1000,1000,1000,1000,1000,1000,1000,1000,1000,1000,1000,1000,1000,1000,1000,1000,1000,1000,1000,1000,1000
1000,1000,1000,1000,1000,1000,1000,1000,1000,1000,1000,1000,1000,1389.91961483937,1500,1500,1500,1500,1500,1500,1920.51749706487,2000,2000,2000,2000,2000,2000,2000,2000,2000,2000,2000,2000,2000,2000,2000,2000,2000,2000,2000,2000,1935.87313980102,1501.87899134655,1500,1500,1136.61827399464,1000,1000,1000,1001.94495005968,1000,1000,1000,1000,1000,1000,1000,1000,1000,1000,1000,1000,1000,1000,1000,1000,1000,1000,1000,1000,1000,1000,1000,1000,1000,1000,1000,1000,1000,1000,1000,1000,1000,1000,1000,1000,1000,1000,1000,1000,1000,1000,1000,1000,1000,1000,1000,1000,1000,1000
1000,1000,1000,1000,1000,1000,1000,1000,1000,1000,1000,1000,1000,1369.88718382302,1500,1500,1500,1500,1500,1500,1500,1698.76560669238,2000,2000,2000,2000,2000,2000,2000,2000,2000,2000,2000,2000,2000,2000,2000,1999.47504383767,1536.92476246044,1556.39246398942,1647.01609549784,1500,1500,1500,1496.49845945136,1000,1000,1000,1000,1000,1000,1000,1000,1000,1000,1000,1000,1000,1000,1000,1000,1000,1000,1000,1000,1000,1000,1000,1000,1000,1000,1000,1000,1000,1000,1000,1000,1000,1000,1000,1000,1000,1000,1000,1000,1000,1000,1000,1000,1000,1000,1000,1000,1000,1000,1000,1000,1000,1000,1000
1000,1000,1000,1000,1000,1000,1000,1000,1000,1000,1000,1000,1000,1099.58274518383,1500,1500,1500,1500,1500,1500,1500,1500,1775.60625300679,1840.49071117991,1642.44874191091,1935.23608601744,2000,2000,2000,2000,2000,2000,2000,2000,1810.45353560611,1751.30660276317,1856.18839793561,1501.55288016833,1500,1500,1500,1500,1500,1500,1500,1000,1000,1000,1000,1000,1000,1000,1000,1000,1000,1000,1000,1000,1000,1000,1000,1000,1000,1000,1000,1000,1000,1000,1000,1000,1000,1000,1000,1000,1000,1000,1000,1000,1000,1000,1000,1000,1000,1000,1000,1000,1000,1000,1000,1000,1000,1000,1000,1000,1000,1000,1000,1000,1000,1000
1000,1000,1000,1000,1000,1000,1000,1000,1000,1000,1000,1000,1000,1101.11903014019,1500,1500,1500,1500,1500,1500,1500,1500,1500,1500,1500,1500,1932.56510012687,1983.53430516829,1989.68857938517,1979.29320567966,1976.72182208991,1959.75159814813,2000,1611.57412778136,1500,1500,1500,1500,1500,1500,1500,1500,1500,1467.87644278359,1008.15763834975,1000,1000,1000,1000,1000,1000,1000,1000,1000,1000,1000,1000,1000,1000,1000,1000,1000,1000,1000,1000,1000,1000,1000,1000,1000,1000,1000,1000,1000,1000,1000,1000,1000,1000,1000,1000,1000,1000,1000,1000,1000,1000,1000,1000,1000,1000,1000,1000,1000,1000,1000,1000,1000,1000,1000
1000,1000,1000,1000,1000,1000,1000,1000,1000,1000,1000,1000,1000,1195.58779915886,1500,1500,1500,1500,1500,1500,1500,1500,1500,1500,1500,1500,1500,1500,1500,1500,1500,1500,1500,1500,1500,1500,1500,1500,1500,1500,1500,1500,1438.13541607281,1000,1000,1000,1000,1000,1000,1000,1000,1000,1000,1000,1000,1000,1000,1000,1000,1000,1000,1000,1000,1000,1000,1000,1000,1000,1000,1000,1000,1000,1000,1000,1000,1000,1000,1000,1000,1000,1000,1000,1000,1000,1000,1000,1000,1000,1000,1000,1000,1000,1000,1000,1000,1000,1000,1000,1000,1000
1000,1000,1000,1000,1000,1000,1000,1000,1000,1000,1000,1000,1000,1251.21615840579,1500,1500,1500,1500,1209.39733619713,1000,1383.51145897615,1500,1500,1500,1500,1500,1500,1500,1500,1500,1500,1500,1500,1500,1500,1500,1500,1500,1500,1000.30901786753,1012.17819661466,1040.86190947508,1000,1000,1000,1000,1000,1000,1000,1000,1000,1000,1000,1000,1000,1000,1000,1000,1000,1000,1000,1000,1000,1000,1000,1000,1000,1000,1000,1000,1000,1000,1000,1000,1000,1000,1000,1000,1000,1000,1000,1000,1000,1000,1000,1000,1000,1000,1000,1000,1000,1000,1000,1000,1000,1000,1000,1000,1000,1000
1000,1000,1000,1000,1000,1000,1000,1000,1000,1000,1000,1000,1000,1101.75096120363,1373.24361353023,1092.70189092801,1470.3152793258,1181.57022088804,1000,1000,1000,1440.99194006867,1310.33460534681,1077.14240077663,1468.5344556385,1500,1500,1500,1500,1500,1500,1500,1500,1500,1500,1332.60100935009,1146.88630862012,1304.26718961773,1104.32324255832,1000,1000,1000,1000,1000,1000,1000,1000,1000,1000,1000,1000,1000,1000,1000,1000,1000,1000,1000,1000,1000,1000,1000,1000,1000,1000,1000,1000,1000,1000,1000,1000,1000,1000,1000,1000,1000,1000,1000,1000,1000,1000,1000,1000,1000,1000,1000,1000,1000,1000,1000,1000,1000,1000,1000,1000,1000,1000,1000,1000,1000
1000,1000,1000,1000,1000,1000,1000,1000,1000,1000,1000,1000,1000,1000,1000,1000,1000,1000,1000,1000,1000,1000,1000,1000,1011.71049414578,1500,1484.87038553304,1424.34356018815,1424.1184722503,1454.20866290744,1434.38072576874,1442.23542982589,1419.09690644071,1491.34790053888,1389.83282369771,1000,1000,1000,1000,1000,1000,1000,1000,1000,1000,1000,1000,1000,1000,1000,1000,1000,1000,1000,1000,1000,1000,1000,1000,1000,1000,1000,1000,1000,1000,1000,1000,1000,1000,1000,1000,1000,1000,1000,1000,1000,1000,1000,1000,1000,1000,1000,1000,1000,1000,1000,1000,1000,1000,1000,1000,1000,1000,1000,1000,1000,1000,1000,1000,1000
1000,1000,1000,1000,1000,1000,1000,1000,1000,1000,1000,1000,1000,1000,1000,1000,1000,1000,1000,1000,1000,1000,1000,1000,1000,1000,1000,1000,1000,1000,1000,1000,1000,1000,1000,1000,1000,1000,1000,1000,1000,1000,1000,1000,1000,1000,1000,1000,1000,1000,1000,1000,1000,1000,1000,1000,1000,1000,1000,1000,1000,1000,1000,1000,1000,1000,1000,1000,1000,1000,1000,1000,1000,1000,1000,1000,1000,1000,1000,1000,1000,1000,1000,1000,1000,1000,1000,1000,1000,1000,1000,1000,1000,1000,1000,1000,1000,1000,1000,1000
1000,1000,1000,1000,1000,1000,1000,1000,1000,1000,1000,1000,1000,1000,1000,1000,1000,1000,1000,1000,1000,1000,1000,1000,1000,1000,1000,1000,1000,1000,1000,1000,1000,1000,1000,1000,1000,1000,1000,1000,1000,1000,1000,1000,1000,1000,1000,1000,1000,1000,1000,1000,1000,1000,1000,1000,1000,1000,1000,1000,1000,1000,1000,1000,1000,1000,1000,1000,1000,1000,1000,1000,1000,1000,1000,1000,1000,1000,1000,1000,1000,1000,1000,1000,1000,1000,1000,1000,1000,1000,1000,1000,1000,1000,1000,1000,1000,1000,1000,1000
1000,1000,1000,1000,1000,1000,1000,1000,1000,1000,1000,1000,1000,1000,1000,1000,1000,1000,1000,1000,1000,1000,1000,1000,1000,1000,1000,1000,1000,1000,1000,1000,1000,1000,1000,1000,1000,1000,1000,1000,1000,1000,1000,1000,1000,1000,1000,1000,1000,1000,1000,1000,1000,1000,1000,1000,1000,1000,1000,1000,1000,1000,1000,1000,1000,1000,1000,1000,1000,1000,1000,1000,1000,1000,1000,1000,1000,1000,1000,1000,1000,1000,1000,1000,1000,1000,1000,1000,1000,1000,1000,1000,1000,1000,1000,1000,1000,1000,1000,1000
1000,1000,1000,1000,1000,1000,1000,1000,1000,1000,1000,1000,1000,1000,1000,1000,1000,1000,1000,1000,1000,1000,1000,1000,1000,1000,1000,1000,1000,1000,1000,1000,1000,1000,1000,1000,1000,1000,1000,1000,1000,1000,1000,1000,1000,1000,1000,1000,1000,1000,1000,1000,1000,1000,1000,1000,1000,1000,1000,1000,1000,1000,1000,1000,1000,1000,1000,1000,1000,1000,1000,1000,1000,1000,1000,1000,1000,1000,1000,1000,1000,1000,1000,1000,1000,1000,1000,1000,1000,1000,1000,1000,1000,1000,1000,1000,1000,1000,1000,1000
1000,1000,1000,1000,1000,1000,1000,1000,1000,1000,1000,1000,1000,1000,1000,1000,1000,1000,1000,1000,1000,1000,1000,1000,1000,1000,1000,1000,1000,1000,1000,1000,1000,1000,1000,1000,1000,1000,1000,1000,1000,1000,1000,1000,1000,1000,1000,1000,1000,1000,1000,1000,1000,1000,1000,1000,1000,1000,1000,1000,1000,1000,1000,1000,1000,1000,1000,1000,1000,1000,1000,1000,1000,1000,1000,1000,1000,1000,1000,1000,1000,1000,1000,1000,1000,1000,1000,1000,1000,1000,1000,1000,1000,1000,1000,1000,1000,1000,1000,1000
1000,1000,1000,1000,1000,1000,1000,1000,1000,1000,1000,1000,1000,1000,1000,1000,1000,1000,1000,1000,1000,1000,1000,1000,1000,1000,1000,1000,1000,1000,1000,1000,1000,1000,1000,1000,1000,1000,1000,1000,1000,1000,1000,1000,1000,1000,1000,1000,1000,1000,1000,1000,1000,1000,1000,1000,1000,1000,1000,1000,1000,1000,1000,1000,1000,1000,1000,1000,1000,1000,1000,1000,1000,1000,1000,1000,1000,1000,1000,1000,1000,1000,1000,1000,1000,1000,1000,1000,1000,1000,1000,1000,1000,1000,1000,1000,1000,1000,1000,1000
1000,1000,1000,1000,1000,1000,1000,1000,1000,1000,1000,1000,1000,1000,1000,1000,1000,1000,1000,1000,1000,1000,1000,1000,1000,1000,1000,1000,1000,1000,1000,1000,1000,1000,1000,1000,1000,1000,1000,1000,1000,1000,1000,1000,1000,1000,1000,1000,1000,1000,1000,1000,1000,1000,1000,1000,1000,1000,1000,1000,1000,1000,1000,1000,1000,1000,1000,1000,1000,1000,1000,1000,1000,1000,1000,1000,1000,1000,1000,1000,1000,1000,1000,1000,1000,1000,1000,1000,1000,1000,1000,1000,1000,1000,1000,1000,1000,1000,1000,1000
1000,1000,1000,1000,1000,1000,1000,1000,1000,1000,1000,1000,1000,1000,1000,1000,1000,1000,1000,1000,1000,1000,1000,1000,1000,1000,1000,1000,1000,1000,1000,1000,1000,1000,1000,1000,1000,1000,1000,1000,1000,1000,1000,1000,1000,1000,1000,1000,1000,1000,1000,1000,1000,1000,1000,1000,1000,1000,1000,1000,1000,1000,1000,1000,1000,1000,1000,1000,1000,1000,1000,1000,1000,1000,1000,1000,1000,1000,1000,1000,1000,1000,1000,1000,1000,1000,1000,1000,1000,1000,1000,1000,1000,1000,1000,1000,1000,1000,1000,1000
1000,1000,1000,1000,1000,1000,1000,1000,1000,1000,1000,1000,1000,1000,1000,1000,1000,1000,1000,1000,1000,1000,1000,1000,1000,1000,1000,1000,1000,1000,1000,1000,1000,1000,1000,1000,1000,1000,1000,1000,1000,1000,1000,1000,1000,1000,1000,1000,1000,1000,1000,1000,1000,1000,1000,1000,1000,1000,1000,1000,1000,1000,1000,1000,1000,1000,1000,1000,1000,1000,1000,1000,1000,1000,1000,1000,1000,1000,1000,1000,1000,1000,1000,1000,1000,1000,1000,1000,1000,1000,1000,1000,1000,1000,1000,1000,1000,1000,1000,1000
1000,1000,1000,1000,1000,1000,1000,1000,1000,1000,1000,1000,1000,1000,1000,1000,1000,1000,1000,1000,1000,1000,1000,1000,1000,1000,1000,1000,1000,1000,1000,1000,1000,1000,1000,1000,1000,1000,1000,1000,1000,1000,1000,1000,1000,1000,1000,1000,1000,1000,1000,1000,1000,1000,1000,1000,1000,1000,1000,1000,1000,1000,1000,1000,1000,1000,1000,1000,1000,1000,1000,1000,1000,1000,1000,1000,1000,1000,1000,1000,1000,1000,1000,1000,1000,1000,1000,1000,1000,1000,1000,1000,1000,1000,1000,1000,1000,1000,1000,1000
1000,1000,1000,1000,1000,1000,1000,1000,1000,1000,1000,1000,1000,1000,1000,1000,1000,1000,1000,1000,1000,1000,1000,1000,1000,1000,1000,1000,1000,1000,1000,1000,1000,1000,1000,1000,1000,1000,1000,1000,1000,1000,1000,1000,1000,1000,1000,1000,1000,1000,1000,1000,1000,1000,1000,1000,1000,1000,1000,1000,1000,1000,1000,1000,1000,1000,1000,1000,1000,1000,1000,1000,1000,1000,1000,1000,1000,1000,1000,1000,1000,1000,1000,1000,1000,1000,1000,1000,1000,1000,1000,1000,1000,1000,1000,1000,1000,1000,1000,1000
1000,1000,1000,1000,1000,1000,1000,1000,1000,1000,1000,1000,1000,1000,1000,1000,1000,1000,1000,1000,1000,1000,1000,1000,1000,1000,1000,1000,1000,1000,1000,1000,1000,1000,1000,1000,1000,1000,1000,1000,1000,1000,1000,1000,1000,1000,1000,1000,1000,1000,1000,1000,1000,1000,1000,1000,1000,1000,1000,1000,1000,1000,1000,1000,1000,1000,1000,1000,1000,1000,1000,1000,1000,1000,1000,1000,1000,1000,1000,1000,1000,1000,1000,1000,1000,1000,1000,1000,1000,1000,1000,1000,1000,1000,1000,1000,1000,1000,1000,1000
