1000,1000,1000,1000,1000,1000,1000,1000,1000,1000,1000,1000,1000,1000,1000,1000,1000,1000,1000,1000,1000,1000,1000,1000,1000,1000,1000,1000,1000,1000,1000,1000,1000,1000,1000,1000,1000,1000,1000,1000,1000,1000,1000,1000,1000,1000,1000,1000,1000,1000,1000,1000,1000,1000,1000,1000,1000,1000,1000,1000,1000,1000,1000,1000,1000,1000,1000,1000,1000,1000,1000,1000,1000,1000,1000,1000,1000,1000,1000,1000,1000,1000,1000,1000,1000,1000,1000,1000,1000,1000,1000,1000,1000,1000,1000,1000,1000,1000,1000,1000
1000,1000,1000,1000,1000,1000,1000,1000,1000,1000,1000,1000,1000,1000,1000,1000,1000,1000,1000,1000,1000,1000,1000,1000,1000,1000,1000,1000,1000,1000,1000,1000,1000,1000,1000,1000,1000,1000,1000,1000,1000,1000,1000,1000,1000,1000,1000,1000,1000,1000,1000,1000,1000,1000,1000,1000,1000,1000,1000,1000,1000,1000,1000,1000,1000,1000,1000,1000,1000,1000,1000,1000,1000,1000,1000,1000,1000,1000,1000,1000,1000,1000,1000,1000,1000,1000,1000,1000,1000,1000,1000,1000,1000,1000,1000,1000,1000,1000,1000,1000
1000,1000,1000,1000,1000,1000,1000,1000,1000,1000,1000,1000,1000,1000,1000,1000,1000,1000,1000,1000,1000,1000,1000,1000,1000,1000,1000,1000,1000,1000,1000,1000,1000,1000,1000,1000,1000,1000,1000,1000,1000,1000,1000,1000,1000,1000,1000,1000,1000,1000,1000,1000,1000,1000,1000,1000,1000,1000,1000,1000,1000,1000,1000,1000,1000,1000,1000,1000,1000,1000,1000,1000,1000,1000,1000,1000,1000,1000,1000,1000,1000,1000,1000,1000,1000,1000,1000,1000,1000,1000,1000,1000,1000,1000,1000,1000,1000,1000,1000,1000
1000,1000,1000,1000,1000,1000,1000,1000,1000,1000,1000,1000,1000,1000,1000,1000,1000,1000,1000,1000,1000,1000,1000,1000,1000,1000,1000,1000,1000,1000,1000,1000,1000,1000,1000,1000,1000,1000,1000,1000,1000,1000,1000,1000,1000,1000,1000,1000,1000,1000,1000,1000,1000,1000,1000,1000,1000,1000,1000,1000,1000,1000,1000,1000,1000,1000,1000,1000,1000,1000,1000,1000,1000,1000,1000,1000,1000,1000,1000,1000,1000,1000,1000,1000,1000,1000,1000,1000,1000,1000,1000,1000,1000,1000,1000,1000,1000,1000,1000,1000
1000,1000,1000,1000,1000,1000,1000,1000,1000,1000,1000,1000,1000,1000,1000,1000,1000,1000,1000,1000,1000,1000,1000,1000,1000,1000,1000,1000,1000,1000,1000,1000,1000,1000,1000,1000,1000,1000,1000,1000,1000,1000,1000,1000,1000,1000,1000,1000,1000,1000,1000,1000,1000,1000,1000,1000,1000,1000,1000,1000,1000,1000,1000,1000,1000,1000,1000,1000,1000,1000,1000,1000,1000,1000,1000,1000,1000,1000,1000,1000,1000,1000,1000,1000,1000,1000,1000,1000,1000,1000,1000,1000,1000,1000,1000,1000,1000,1000,1000,1000
1000,1000,1000,1000,1000,1000,1000,1000,1000,1000,1000,1000,1000,1000,1000,1000,1000,1000,1000,1000,1000,1000,1000,1000,1000,1000,1000,1000,1000,1000,1000,1000,1000,1000,1000,1000,1000,1000,1000,1000,1000,1000,1000,1000,1000,1000,1000,1000,1000,1000,1000,1000,1000,1000,1000,1000,1000,1000,1000,1000,1000,1000,1000,1000,1000,1000,1000,1000,1000,1000,1000,1000,1000,1000,1000,1000,1000,1000,1000,1000,1000,1000,1000,1000,1000,1000,1000,1000,1000,1000,1000,1000,1000,1000,1000,1000,1000,1000,1000,1000
1000,1000,1000,1000,1000,1000,1000,1000,1000,1000,1000,1000,1000,1000,1000,1000,1000,1000,1000,1000,1000,1000,1000,1000,1000,1000,1000,1000,1000,1000,1000,1000,1000,1000,1000,1000,1000,1000,1000,1000,1000,1000,1000,1000,1000,1000,1000,1000,1000,1000,1000,1000,1000,1000,1000,1000,1000,1000,1000,1000,1000,1000,1000,1000,1000,1000,1000,1000,1000,1000,1000,1000,1000,1000,1000,1000,1000,1000,1000,1000,1000,1000,1000,1000,1000,1000,1000,1000,1000,1000,1000,1000,1000,1000,1000,1000,1000,1000,1000,1000
1000,1000,1000,1000,1000,1000,1000,1000,1000,1000,1000,1000,1000,1000,1000,1000,1000,1000,1000,1000,1000,1000,1000,1000,1000,1000,1000,1000,1000,1000,1000,1000,1000,1000,1000,1000,1000,1000,1000,1000,1000,1000,1000,1000,1000,1000,1000,1000,1000,1000,1000,1000,1000,1000,1000,1000,1000,1000,1000,1000,1000,1000,1000,1000,1000,1000,1000,1000,1000,1000,1000,1000,1000,1000,1000,1000,1000,1000,1000,1000,1000,1000,1000,1000,1000,1000,1000,1000,1000,1000,1000,1000,1000,1000,1000,1000,1000,1000,1000,1000
1000,1000,1000,1000,1000,1000,1000,1000,1000,1000,1000,1000,1000,1000,1000,1000,1000,1000,1000,1000,1000,1000,1000,1000,1000,1000,1000,1000,1000,1000,1000,1000,1000,1000,1000,1000,1000,1000,1000,1000,1000,1000,1000,1000,1000,1000,1000,1000,1000,1000,1000,1000,1000,1000,1000,1000,1000,1000,1000,1000,1000,1000,1000,1000,1000,1000,1000,1000,1000,1000,1000,1000,1000,1000,1000,1000,1000,1000,1000,1000,1000,1000,1000,1000,1000,1000,1000,1000,1000,1000,1000,1000,1000,1000,1000,1000,1000,1000,1000,1000
1000,1000,1000,1000,1000,1000,1000,1000,1000,1000,1000,1000,1000,1000,1000,1000,1000,1000,1000,1000,1000,1000,1000,1000,1000,1000,1000,1000,1000,1000,1000,1000,1000,1000,1000,1000,1000,1000,1000,1000,1000,1000,1000,1000,1000,1000,1000,1000,1000,1000,1000,1000,1000,1000,1000,1000,1000,1000,1000,1000,1000,1000,1000,1000,1000,1000,1000,1000,1000,1000,1000,1000,1000,1000,1000,1000,1000,1000,1000,1000,1000,1000,1000,1000,1000,1000,1000,1000,1000,1000,1000,1000,1000,1000,1000,1000,1000,1000,1000,1000
1000,1000,1000,1000,1000,1000,1000,1000,1000,1000,1000,1000,1000,1000,1000,1000,1000,1000,1000,1000,1000,1000,1000,1000,1000,1000,1000,1000,1000,1000,1000,1000,1000,1000,1000,1000,1000,1000,1000,1000,1000,1000,1000,1000,1000,1000,1000,1000,1000,1000,1000,1000,1000,1000,1000,1000,1000,1000,1000,1000,1000,1000,1000,1000,1000,1000,1000,1000,1000,1000,1000,1000,1000,1000,1000,1000,1000,1000,1000,1000,1000,1000,1000,1000,1000,1000,1000,1000,1000,1000,1000,1000,1000,1000,1000,1000,1000,1000,1000,1000
1000,1000,1000,1000,1000,1000,1000,1000,1000,1000,1000,1000,1000,1000,1000,1000,1000,1000,1000,1000,1000,1000,1000,1000,1000,1000,1000,1000,1000,1000,1000,1000,1000,1000,1000,1000,1000,1000,1000,1000,1000,1000,1000,1000,1000,1000,1000,1000,1000,1000,1000,1000,1000,1000,1000,1000,1000,1000,1000,1000,1000,1000,1000,1000,1000,1000,1000,1000,1000,1000,1000,1000,1000,1000,1000,1000,1000,1000,1000,1000,1000,1000,1000,1000,1000,1000,1000,1000,1000,1000,1000,1000,1000,1000,1000,1000,1000,1000,1000,1000
1000,1000,1000,1000,1000,1000,1000,1000,1000,1000,1000,1000,1000,1000,1000,1000,1000,1000,1000,1000,1000,1000,1000,1000,1000,1000,1000,1000,1000,1000,1000,1000,1000,1000,1000,1000,1000,1000,1000,1000,1000,1000,1000,1000,1000,1000,1000,1000,1000,1000,1000,1000,1000,1000,1000,1000,1000,1000,1000,1000,1000,1000,1000,1000,1000,1000,1000,1000,1000,1000,1000,1000,1000,1000,1000,1000,1000,1000,1342.91524655236,1500,1066.73530560682,1000,1000,1000,1000,1000,1000,1000,1000,1000,1000,1000,1000,1000,1000,1000,1000,1000,1000,1000
1000,1000,1000,1000,1000,1000,1000,1000,1000,1000,1000,1000,1000,1000,1000,1000,1000,1000,1000,1000,1000,1000,1000,1000,1000,1000,1000,1000,1000,1000,1000,1000,1000,1000,1000,1000,1000,1000,1000,1000,1000,1000,1000,1000,1000,1000,1000,1000,1000,1000,1000,1000,1000,1000,1000,1000,1000,1000,1000,1000,1000,1000,1000,1000,1000,1000,1000,1000,1000,1000,1000,1000,1000,1000,1000,1000,1327.63299373816,1266.21813652618,1500,1500,1500,1124.50557641603,1000,1000,1000,1000,1000,1000,1000,1000,1000,1000,1000,1000,1000,1000,1000,1000,1000,1000
1000,1000,1000,1000,1000,1000,1000,1000,1000,1000,1000,1000,1000,1000,1000,1000,1000,1000,1000,1000,1000,1000,1000,1000,1000,1000,1000,1000,1000,1000,1000,1000,1000,1000,1000,1000,1000,1000,1000,1000,1000,1000,1000,1000,1000,1000,1000,1000,1000,1000,1000,1000,1000,1000,1000,1000,1000,1000,1000,1000,1000,1000,1000,1000,1000,1000,1000,1000,1000,1000,1000,1000,1000.12687515796,1000,1008.57108168377,1500,1500,1500,1500,1500,1500,1500,1083.12678928107,1000,1000,1000,1000,1000,1000,1000,1000,1000,1000,1000,1000,1000,1000,1000,1000,1000
1000,1000,1000,1000,1000,1000,1000,1000,1000,1000,1000,1000,1000,1000,1000,1000,1000,1000,1000,1000,1000,1000,1000,1000,1000,1000,1000,1000,1000,1000,1000,1000,1000,1000,1000,1000,1000,1000,1000,1000,1000,1000,1000,1000,1000,1000,1000,1000,1000,1000,1000,1000,1000,1000,1000,1000,1000,1000,1000,1000,1000,1000,1000,1000,1000,1000,1000,1000,1000,1000,1000,1143.22338203287,1500,1500,1500,1500,1500,1500,1500,1500,1500,1500,1464.54498795851,1000,1000,1000,1000,1000,1000,1000,1000,1000,1000,1000,1000,1000,1000,1000,1000,1000
1000,1000,1000,1000,1000,1000,1000,1000,1000,1000,1000,1000,1000,1000,1000,1000,1000,1000,1000,1000,1000,1000,1000,1000,1000,1000,1000,1000,1000,1000,1000,1000,1000,1000,1000,1000,1000,1000,1000,1000,1000,1000,1000,1000,1000,1000,1000,1000,1000,1000,1000,1000,1000,1000,1000,1000,1000,1000,1000,1000,1000,1000,1000,1000,1000,1000,1000,1000,1000,1461.81377379183,1500,1500,1500,1500,1500,1500,1500,1500,1500,1500,1500,1500,1432.79417925895,1000,1000,1000,1000,1000,1000,1000,1000,1000,1000,1000,1000,1000,1000,1000,1000,1000
1000,1000,1000,1000,1000,1000,1000,1000,1000,1000,1000,1000,1000,1000,1000,1000,1000,1000,1000,1000,1000,1000,1000,1000,1000,1000,1000,1000,1000,1000,1000,1000,1000,1000,1000,1000,1000,1000,1000,1000,1000,1000,1000,1000,1000,1000,1000,1000,1000,1000,1000,1000,1000,1000,1000,1000,1000,1000,1000,1000,1000,1000,1000,1000,1000,1000,1004.23507395527,1132.10373896541,1445.40715778462,1500,1500,1500,1500,1500,1500,1500,1500,1500,1500,1421.76658578935,1130.00997952044,1415.20500507896,1244.43903473407,1000,1000,1000,1000,1000,1000,1000,1000,1000,1000,1000,1000,1000,1000,1000,1000,1000
1000,1000,1000,1000,1000,1000,1000,1000,1000,1000,1000,1000,1000,1000,1000,1000,1000,1000,1000,1000,1000,1000,1000,1000,1000,1000,1000,1000,1000,1000,1000,1000,1000,1000,1000,1000,1000,1000,1000,1000,1000,1000,1000,1000,1000,1000,1000,1000,1000,1000,1000,1000,1000,1000,1000,1000,1000,1000,1000,1000,1000,1000,1000,1055.0480552112,1049.05727175075,1034.25397248057,1500,1500,1500,1500,1500,1500,1500,1500,1500,1500,1500,1500,1443.5518467035,1000,1000,1000,1000,1000,1000,1000,1000,1000,1000,1000,1000,1000,1000,1000,1000,1000,1000,1000,1000,1000
1000,1000,1000,1000,1000,1000,1000,1000,1000,1000,1000,1000,1000,1000,1000,1000,1000,1000,1000,1000,1000,1000,1000,1000,1000,1000,1000,1000,1000,1000,1000,1000,1000,1000,1000,1000,1000,1000,1000,1000,1000,1000,1000,1000,1000,1000,1000,1000,1000,1000,1000,1000,1000,1000,1000,1000,1000,1000,1000,1000,1000,1000,1350.28907715237,1500,1500,1500,1500,1500,1500,1500,1500,1500,1500,1500,1500,1500,1500,1500,1500,1000,1000,1000,1000,1000,1000,1000,1000,1000,1000,1000,1000,1000,1000,1000,1000,1000,1000,1000,1000,1000
1000,1000,1000,1000,1000,1000,1000,1000,1000,1000,1000,1000,1000,1000,1000,1000,1000,1000,1000,1000,1000,1000,1000,1000,1000,1000,1000,1000,1000,1000,1000,1000,1000,1000,1000,1000,1000,1000,1000,1000,1000,1000,1000,1000,1000,1000,1000,1000,1000,1000,1000,1000,1000,1000,1000,1000,1000,1000,1000,1000,1500,1500,1500,1500,1500,1500,1500,1500,1500,1500,1500,1500,1500,1500,1500,1500,1500,1500,1500,1500,1495.09225606674,1493.52630375631,1500,1500,1500,1000,1000,1000,1000,1000,1000,1000,1000,1000,1000,1000,1000,1000,1000,1000
1000,1000,1000,1000,1000,1000,1000,1000,1000,1000,1000,1000,1000,1000,1000,1000,1000,1000,1000,1000,1000,1000,1000,1000,1000,1000,1000,1000,1000,1000,1000,1000,1000,1000,1000,1000,1000,1000,1000,1000,1000,1000,1000,1000,1000,1000,1000,1000,1000,1000,1000,1000,1000,1000,1000,1000,1000,1230.80527548623,1347.91944160116,1500,1500,1500,1500,1500,1500,1500,1500,1500,1500,1500,1500,1500,1500,1500,1500,1500,1500,1500,1500,1500,1500,1500,1500,1500,1500,1000,1000,1000,1000,1000,1000,1000,1000,1000,1000,1000,1000,1000,1000,1000
1000,1000,1000,1000,1000,1000,1000,1000,1000,1000,1000,1000,1000,1000,1000,1000,1000,1000,1000,1000,1000,1000,1000,1000,1000,1000,1000,1000,1000,1000,1000,1000,1000,1000,1000,1000,1000,1000,1000,1000,1000,1000,1000,1000,1000,1000,1000,1000,1000,1000,1000,1000,1000,1000,1000,1033.77053781133,1124.71231855539,1500,1500,1500,1500,1500,1500,1500,1500,1500,1500,1500,1500,1500,1500,1500,1500,1500,1500,1500,1500,1500,1500,1500,1500,1500,1500,1500,1500,1001.17520803505,1000,1000,1000,1000,1000,1000,1000,1000,1000,1000,1000,1000,1000,1000
1000,1000,1000,1000,1000,1000,1000,1000,1000,1000,1000,1000,1000,1000,1000,1000,1000,1000,1000,1000,1000,1000,1000,1000,1000,1000,1000,1000,1000,1000,1000,1000,1000,1000,1000,1000,1000,1000,1000,1000,1000,1000,1000,1000,1000,1000,1000,1000,1000,1000,1000,1000,1000,1000,1287.9257537943,1500,1500,1500,1500,1500,1500,1500,1500,1500,1500,1500,1500,1500,1500,1500,1500,1500,1500,1500,1500,1500,1500,1500,1500,1500,1500,1500,1500,1500,1500,1015.43439426173,1000,1000,1000,1000,1000,1000,1000,1000,1000,1000,1000,1000,1000,1000
1000,1000,1000,1000,1000,1000,1000,1000,1000,1000,1000,1000,1000,1000,1000,1000,1000,1000,1000,1000,1000,1000,1000,1000,1000,1000,1000,1000,1000,1000,1000,1000,1000,1000,1000,1000,1000,1000,1000,1000,1000,1000,1000,1000,1000,1000,1000,1000,1000,1000,1000,1000,1497.7480368211,1500,1500,1500,1500,1500,1500,1500,1500,1500,1500,1500,1500,1500,1500,1500,1500,1500,1500,1500,1500,1500,1500,1500,1500,1500,1500,1500,1500,1500,1500,1500,1500,1030.55247099046,1000,1000,1000,1000,1000,1000,1000,1000,1000,1000,1000,1000,1000,1000
1000,1000,1000,1000,1000,1000,1000,1000,1000,1000,1000,1000,1000,1000,1000,1000,1000,1000,1000,1000,1000,1000,1000,1000,1000,1000,1000,1000,1000,1000,1000,1000,1000,1000,1000,1000,1000,1000,1000,1000,1000,1000,1000,1000,1000,1000,1000,1000,1000,1068.03591766343,1438.35980902062,1500,1500,1500,1500,1500,1500,1500,1500,1500,1500,1500,1500,1500,1500,1500,1935.20326318923,1903.78488012972,1960.06837608108,1915.86954124064,1500,1500,1500,1500,1500,1500,1500,1500,1500,1500,1500,1500,1500,1500,1499.60898068077,1002.36877517692,1000,1000,1000,1000,1000,1000,1000,1000,1000,1000,1000,1000,1000,1000
1000,1000,1000,1000,1000,1000,1000,1000,1000,1000,1000,1000,1000,1000,1000,1000,1000,1000,1000,1000,1000,1000,1000,1000,1000,1000,1000,1000,1000,1000,1000,1000,1000,1000,1000,1000,1000,1000,1000,1000,1000,1000,1000,1000,1000,1117.67475600615,1139.11149701926,1139.61333419539,1126.65718486487,1500,1500,1500,1500,1500,1500,1500,1500,1500,1500,1500,1500,1500,1500,1500,1500,1671.69208720538,2000,2000,2000,2000,1863.41880445749,1563.54480959115,1749.54282343479,1623.72295161183,1500,1500,1500,1500,1500,1500,1500,1500,1500,1459.04171945116,1034.09124379983,1000,1000,1000,1000,1000,1000,1000,1000,1000,1000,1000,1000,1000,1000,1000
1000,1000,1000,1000,1000,1000,1000,1000,1000,1000,1000,1000,1000,1000,1000,1000,1000,1000,1000,1000,1000,1000,1000,1000,1000,1000,1000,1000,1000,1000,1000,1000,1000,1000,1000,1000,1000,1000,1000,1000,1000,1000,1000,1015.21465308748,1499.68426042834,1500,1500,1500,1500,1500,1500,1500,1500,1500,1500,1500,1500,1500,1500,1500,1500,1500,1500,1500,1500,1771.49745176133,2000,2000,2000,2000,2000,2000,2000,2000,1668.87676464673,1500,1500,1500,1500,1500,1460.64367216727,1499.22189474562,1500,1019.39875652819,1000,1000,1000,1000,1000,1000,1000,1000,1000,1000,1000,1000,1000,1000,1000,1000
1000,1000,1000,1000,1000,1000,1000,1000,1000,1000,1000,1000,1000,1000,1000,1000,1000,1000,1000,1000,1000,1000,1000,1000,1000,1000,1000,1000,1000,1000,1000,1000,1000,1000,1000,1000,1000,1000,1000,1000,1000,1311.00027933621,1500,1500,1500,1500,1500,1500,1500,1500,1500,1500,1500,1500,1500,1500,1500,1500,1500,1500,1500,1500,1500,1500,1500,1596.54515804389,2000,2000,2000,2000,2000,2000,2000,2000,1950.70196532255,1500,1500,1500,1500,1043.67893365925,1000,1000,1000,1000,1000,1000,1000,1000,1000,1000,1000,1000,1000,1000,1000,1000,1000,1000,1000,1000
1000,1000,1000,1000,1000,1000,1000,1000,1000,1000,1000,1000,1000,1000,1000,1000,1000,1000,1000,1000,1000,1000,1000,1000,1000,1000,1000,1000,1000,1000,1000,1000,1000,1000,1000,1000,1000,1000,1000,1000,1145.0672518181,1500,1500,1500,1500,1500,1500,1500,1500,1500,1500,1500,1500,1500,1500,1500,1500,1509.88652355234,2000,2000,1655.01535050343,1500,1500,1500,1500,1652.43061445741,2000,2000,2000,2000,2000,2000,2000,2000,1878.72516498246,1500,1500,1500,1413.39676522497,1000,1000,1000,1000,1000,1000,1000,1000,1000,1000,1000,1000,1000,1000,1000,1000,1000,1000,1000,1000,1000
1000,1000,1000,1000,1000,1000,1000,1000,1000,1000,1000,1000,1000,1000,1000,1000,1000,1000,1000,1000,1000,1000,1000,1000,1000,1000,1000,1000,1000,1000,1000,1000,1000,1000,1000,1000,1000,1000,1168.88025469888,1343.11825527149,1500,1500,1500,1500,1500,1500,1500,1603.40681835758,1645.77091652989,1695.70826136065,1734.43860582439,1664.13487392354,1500,1500,1500,1500,1500,1500.37908469084,2000,2000,1591.83514399168,1500,1500,1500,1811.63100363873,2000,2000,2000,2000,2000,1970.62911581643,1772.11629684652,1849.20744158113,1661.15778264786,1500,1500,1500,1500,1361.37235364205,1000,1000,1000,1000,1000,1000,1000,1000,1000,1000,1000,1000,1000,1000,1000,1000,1000,1000,1000,1000,1000
1000,1000,1000,1000,1000,1000,1000,1000,1000,1000,1000,1000,1000,1000,1000,1000,1000,1000,1000,1000,1000,1000,1000,1000,1000,1000,1000,1000,1000,1000,1000,1000,1000,1000,1000,1000,1000,1396.28769522922,1500,1500,1500,1500,1500,1500,1556.41626864445,1533.25948288728,1754.69267042216,2000,2000,2000,2000,2000,1729.62030365301,1500,1500,1500,1520.3599892906,1984.37392791044,2000,2000,2000,1508.9018298652,1500,1776.61064902047,2000,2000,2000,2000,1984.14461582179,2000,1500,1500,1500,1500,1500,1500,1500,1500,1404.61658387436,1000,1000,1000,1000,1000,1000,1000,1000,1000,1000,1000,1000,1000,1000,1000,1000,1000,1000,1000,1000,1000
1000,1000,1000,1000,1000,1000,1000,1000,1000,1000,1000,1000,1000,1000,1000,1000,1000,1000,1000,1000,1000,1000,1000,1000,1000,1000,1000,1000,1000,1000,1000,1000,1000,1000,1000,1500,1500,1500,1500,1500,1500,1500,1500,1543.59133027494,1977.26295585889,2000,2000,2000,2000,2000,2000,2000,2000,1581.98117127295,1500,1511.84866042138,1987.62528664897,2000,2000,2000,2000,2000,2000,2000,2000,2000,2000,1609.39748921872,1500,1500,1500,1500,1500,1500,1500,1500,1500,1500,1082.27765161391,1000,1000,1000,1000,1000,1000,1000,1000,1000,1000,1000,1000,1000,1000,1000,1000,1000,1000,1000,1000,1000
1000,1000,1000,1000,1000,1000,1000,1000,1000,1000,1000,1000,1000,1000,1000,1000,1000,1000,1000,1000,1000,1000,1000,1000,1000,1000,1000,1000,1000,1000,1000,1000,1155.17585478162,1500,1500,1500,1500,1500,1500,1500,1500,1500,1520.33358951565,1932.57040113401,2000,2000,2000,2000,2000,2000,2000,2000,2000,2000,1909.51871219581,1986.57326350413,2000,2000,2000,2000,2000,2000,2000,2000,2000,2000,1986.05849438782,1500,1500,1500,1500,1500,1500,1500,1500,1500,1437.9188836292,1000,1000,1000,1000,1000,1000,1000,1000,1000,1000,1000,1000,1000,1000,1000,1000,1000,1000,1000,1000,1000,1000,1000
1000,1000,1000,1000,1000,1000,1000,1000,1000,1000,1000,1000,1000,1000,1000,1000,1000,1000,1000,1000,1000,1000,1000,1000,1000,1000,1000,1000,1000.7620640422,1410.65994465698,1326.10676241963,1260.69698020588,1500,1500,1500,1500,1500,1500,1500,1500,1500,1500,1948.46665605123,2000,2000,2000,2000,2000,2000,2000,2000,2000,2000,2000,2000,2000,2000,2000,2000,2000,2000,2000,2000,2000,2000,2000,1999.17896902609,1500,1500,1500,1500,1500,1500,1500,1500,1500,1000,1000,1000,1000,1000,1000,1000,1000,1000,1000,1000,1000,1000,1000,1000,1000,1000,1000,1000,1000,1000,1000,1000,1000
1000,1000,1000,1000,1000,1000,1000,1000,1000,1000,1000,1000,1000,1000,1000,1000,1000,1000,1000,1000,1000,1000,1000,1000,1000,1000,1002.69726235617,1029.51924159271,1414.42514675755,1500,1500,1500,1500,1500,1500,1500,1500,1500,1500,1500,1500,1500,1987.11406877036,2000,2000,2000,2000,2000,2000,2000,2000,2000,2000,2000,2000,2000,2000,2000,2000,2000,2000,2000,2000,2000,2000,2000,1992.33401804088,1500,1500,1500,1500,1500,1500,1500,1500,1500,1500,1000,1000,1000,1000,1000,1000,1000,1000,1000,1000,1000,1000,1000,1000,1000,1000,1000,1000,1000,1000,1000,1000,1000
1000,1000,1000,1000,1000,1000,1000,1000,1000,1000,1000,1000,1000,1000,1000,1000,1000,1000,1000,1000,1000,1000,1000,1000,1000,1023.42719831248,1500,1500,1500,1500,1500,1500,1500,1500,1500,1500,1500,1500,1500,1500,1500,1701.8145951103,2000,2000,2000,2000,2000,2000,2000,2000,2000,2000,2000,2000,2000,2000,2000,2000,2000,2000,2000,2000,2000,2000,2000,2000,2000,1673.48150073763,1500.00120789234,1500,1506.94338991926,1500,1500,1500,1500,1500,1500,1201.49850942283,1000,1000,1000,1000,1000,1000,1000,1000,1000,1000,1000,1000,1000,1000,1000,1000,1000,1000,1000,1000,1000,1000
1000,1000,1000,1000,1000,1000,1000,1000,1000,1000,1000,1000,1000,1000,1000,1000,1000,1000,1000,1000,1000,1000,1000,1350.04068369869,1500,1500,1500,1500,1500,1500,1500,1500,1500,1500,1500,1500,1500,1500,1500,1500,1822.29250119384,2000,2000,2000,2000,2000,2000,2000,2000,2000,2000,2000,2000,2000,2000,2000,2000,2000,2000,2000,2000,2000,2000,2000,2000,2000,2000,2000,1967.79243609425,1996.14107136159,1952.45023089619,1999.24805590995,1910.38035869722,1500,1500,1500,1500,1102.70052497183,1000,1000,1000,1000,1000,1000,1000,1000,1000,1000,1000,1000,1000,1000,1000,1000,1000,1000,1000,1000,1000,1000
1000,1000,1000,1000,1000,1000,1000,1000,1000,1000,1000,1000,1000,1000,1000,1000,1000,1000,1000,1000,1000,1000,1398.89946134602,1500,1500,1500,1500,1500,1500,1988.71212210053,1921.96018831363,2000,1500,1500,1500,1500,1500,1500,1500,1999.69964639022,2000,2000,2000,2000,2000,2000,2000,2000,2000,2000,2000,2000,2000,2000,2000,2000,2000,2000,2000,2000,2000,2000,2000,2000,2000,2000,2000,2000,2000,2000,2000,2000,2000,1771.78666057696,1500,1500,1500,1165.18950226582,1000,1000,1000,1000,1000,1000,1000,1000,1000,1000,1000,1000,1000,1000,1000,1000,1000,1000,1000,1000,1000,1000
1000,1000,1000,1000,1000,1000,1000,1000,1000,1000,1000,1000,1000,1000,1000,1000,1000,1000,1000,1000,1000,1340.35978115672,1500,1500,1500,1500,1500,1546.47094968509,1988.66876343659,2000,2000,2000,1500,1500,1500,1500,1500,1500,1865.26955852253,2000,2000,2000,2000,2000,2000,2000,2000,2000,2000,2000,2000,2000,2000,2000,2000,2000,2000,2000,2000,2000,2000,2000,2000,2000,2000,2000,2000,2000,2000,2000,2000,2000,2000,1717.49324938949,1500,1500,1500,1105.99292864611,1000,1000,1000,1000,1000,1000,1000,1000,1000,1000,1000,1000,1000,1000,1000,1000,1000,1000,1000,1000,1000,1000
1000,1000,1000,1000,1000,1000,1000,1000,1000,1000,1000,1000,1000,1000,1000,1000,1000,1000,1000,1000,1000,1430.10663176111,1500,1500,1500,1500,1731.49932334275,2000,2000,2000,2000,2000,1857.96104378666,1500,1500,1500,1500,1500,2000,2000,2000,2000,2000,2000,2000,2000,2000,2000,2000,2000,2000,2000,2000,2000,2000,2000,2000,2000,2000,2000,2000,2000,2000,2000,2000,2000,2000,2000,2000,2000,2000,1985.41156558129,1957.37419568977,1513.08302737141,1500,1500,1500,1133.1649582537,1000,1000,1000,1000,1000,1000,1000,1000,1000,1000,1000,1000,1000,1000,1000,1000,1000,1000,1000,1000,1000,1000
1000,1000,1000,1000,1000,1000,1000,1000,1000,1000,1000,1000,1000,1000,1000,1000,1000,1000,1000,1000,1000,1500,1500,1500,1500,1500,1721.27796492239,2000,2000,2000,2000,2000,2000,1500,1500,1500,1500,1500,1705.34644595999,2000,2000,2000,2000,2000,2000,2000,2000,2000,2000,2000,2000,2000,2000,2000,2000,2000,2000,2000,2000,2000,2000,2000,2000,2000,2000,2000,2000,2000,2000,2000,1625.39824173384,1500,1500,1500,1500,1500,1500,1000,1000,1000,1000,1000,1000,1000,1000,1000,1000,1000,1000,1000,1000,1000,1000,1000,1000,1000,1000,1000,1000,1000
1000,1000,1000,1000,1000,1000,1000,1000,1000,1000,1000,1000,1000,1000,1000,1000,1000,1000,1340.1420282024,1377.11428059657,1468.59703096925,1500,1500,1500,1500,1500,1587.30281194506,2000,2000,2000,2000,2000,2000,1545.00524357397,1500,1500,1500,1500,1500,1557.63868451724,1601.86046884342,1581.4274111918,1567.62531348152,1595.09313192743,1564.63077380467,2000,2000,2000,2000,2000,2000,2000,2000,2000,2000,2000,2000,2000,2000,2000,2000,2000,2000,2000,2000,2000,2000,1940.75711325133,1586.27303082977,1626.96507860576,1500,1500,1500,1500,1500,1494.3818729017,1000,1000,1000,1000,1000,1000,1000,1000,1000,1000,1000,1000,1000,1000,1000,1000,1000,1000,1000,1000,1000,1000,1000,1000
1000,1000,1000,1000,1000,1000,1000,1000,1000,1000,1000,1000,1000,1000,1000,1000,1000,1061.01091641811,1500,1500,1500,1500,1500,1500,1500,1500,1500,1617.57900803376,2000,2000,2000,2000,2000,2000,1638.48248689098,1500,1500,1500,1500,1500,1500,1500,1500,1500,1500,1541.53578431708,1937.85323353628,1888.91232696189,2000,2000,2000,2000,2000,2000,2000,2000,2000,2000,2000,2000,2000,2000,2000,2000,2000,2000,2000,1500,1500,1500,1500,1500,1500,1500,1490.64840557894,1000,1000,1284.08439016479,1133.36183444144,1092.10276557687,1171.65487166399,1038.89865247303,1000,1000,1096.53765426778,1145.02121145681,1192.11387297723,1000,1000,1000,1000,1000,1000,1000,1000,1000,1000,1000,1000,1000
1000,1000,1000,1000,1000,1000,1000,1000,1000,1000,1000,1000,1000,1000,1000,1000,1082.54691532496,1500,1500,1500,1500,1500,1500,1500,1500,1500,1500,1500,1500,2000,2000,2000,2000,2000,1997.75839008179,1586.12272983013,1540.15068841808,1500,1500,1500,1500,1500,1500,1500,1500,1500,1500,1500,1633.05472227288,2000,2000,2000,2000,2000,2000,2000,2000,2000,2000,2000,2000,2000,2000,2000,2000,2000,1500,1500,1500,1500,1500,1500,1500,1333.29231585723,1000,1000,1000,1496.61078190569,1500,1500,1500,1500,1000,1500,1500,1500,1500,1349.96744639866,1000,1000,1000,1000,1000,1000,1000,1000,1000,1000,1000,1000
1000,1000,1000,1000,1000,1000,1000,1000,1000,1000,1000,1000,1000,1424.99765306517,1500,1500,1500,1500,1500,1500,1500,1500,1500,1500,1500,1500,1500,1500,1579.33072078937,2000,2000,2000,2000,2000,2000,2000,2000,1835.55710798284,1500,1500,1500,1500,1500,1500,1500,1500,1500,1500.04992754591,1930.53289999168,2000,2000,2000,2000,2000,2000,2000,2000,2000,2000,2000,2000,2000,2000,2000,2000,2000,1500,1500,1500,1500,1500,1500,1500,1455.52370664812,1000,1000,1000,1500,1500,1500,1500,1500,1500,1500,1500,1500,1500,1469.59768492393,1000,1000,1000,1000,1000,1000,1000,1000,1000,1000,1000,1000
1000,1000,1000,1000,1000,1000,1000,1000,1000,1000,1000,1000,1000,1187.0413335739,1500,1500,1500,1500,1500,1500,1500,1503.40276138958,1904.423055658,2000,2000,1897.47300444396,1500,1592.96641571653,2000,2000,2000,2000,2000,2000,2000,2000,2000,2000,2000,2000,1500,1500,1500,1500,1500,1500,1530.44636145792,1961.72103981619,2000,2000,2000,2000,2000,2000,2000,2000,2000,2000,2000,2000,2000,2000,2000,2000,2000,2000,2000,1599.07426975088,1500,1500,1500,1500,1500,1500,1500,1473.03746897959,1500,1500,1500,1500,1500,1500,1500,1500,1500,1500,1500,1442.07702358804,1000,1000,1000,1000,1000,1000,1000,1000,1000,1000,1000,1000
1000,1000,1000,1000,1000,1000,1000,1000,1000,1000,1000,1000,1000,1192.40603974642,1500,1500,1500,1500,1500,1500,1500,1840.36022749192,2000,2000,2000,2000,1871.84781720201,2000,2000,2000,2000,2000,2000,2000,2000,2000,2000,2000,2000,2000,1997.76051816992,1658.93684678331,1603.21968801912,1500,1500,1500,1966.13053695994,2000,2000,2000,2000,2000,2000,2000,2000,2000,2000,2000,2000,2000,2000,2000,2000,2000,2000,2000,2000,2000,1589.41805087913,1500,1500,1500,1500,1500,1500,1500,1500,1500,1500,1500,1500,1500,1500,1500,1500,1500,1500,1431.41455817679,1000,1000,1000,1000,1000,1000,1000,1000,1000,1000,1000,1000
1000,1000,1000,1000,1000,1000,1000,1000,1000,1000,1000,1000,1000,1374.06316187829,1500,1500,1500,1500,1500,1502.84928798802,1686.07555318891,2000,2000,2000,2000,2000,2000,2000,2000,2000,2000,2000,2000,2000,2000,2000,2000,2000,2000,2000,2000,2000,2000,1591.76886462247,1521.16745282331,1892.18653937052,2000,2000,2000,2000,2000,2000,2000,2000,2000,2000,2000,2000,2000,2000,2000,2000,2000,2000,2000,2000,2000,2000,1982.30020452913,1598.27446971069,1568.66795063765,1549.83797027171,1589.32472353331,1562.61624830151,1569.72393276539,1536.90936176545,1500.00193049365,1531.38370896862,1537.29559631787,1520.49844321005,1554.34087994053,1522.64051355415,1548.94364623706,1500,1500,1500,1500,1460.98386830219,1000,1000,1000,1000,1000,1000,1000,1000,1000,1000,1000,1000
1000,1000,1000,1000,1000,1000,1000,1000,1000,1000,1000,1000,1000,1346.3806867143,1500,1500,1500,1500,1999.17098413312,2000,2000,2000,2000,2000,2000,2000,2000,2000,2000,2000,2000,2000,2000,2000,2000,2000,2000,2000,2000,2000,2000,2000,2000,2000,2000,2000,2000,2000,2000,2000,2000,2000,2000,2000,2000,2000,2000,2000,2000,2000,2000,2000,2000,2000,2000,2000,2000,2000,2000,2000,2000,2000,2000,2000,2000,2000,2000,2000,2000,2000,2000,2000,2000,1755.20638708021,1500,1500,1500,1432.20672688889,1000,1000,1000,1000,1000,1000,1000,1000,1000,1000,1000,1000
1000,1000,1000,1000,1000,1000,1000,1000,1000,1000,1000,1000,1000,1377.22464567005,1500,1500,2000,2000,2000,2000,2000,2000,2000,2000,2000,2000,2000,2000,2000,2000,2000,2000,2000,2000,2000,2000,2000,2000,2000,2000,2000,2000,2000,2000,2000,2000,2000,2000,2000,2000,2000,2000,2000,2000,2000,2000,2000,2000,2000,2000,2000,2000,2000,2000,2000,2000,2000,2000,2000,2000,2000,2000,2000,2000,2000,2000,2000,2000,2000,2000,2000,2000,2000,1975.6804075054,1504.28007861257,1500,1500,1455.85363056598,1000,1000,1000,1000,1000,1000,1000,1000,1000,1000,1000,1000
1000,1000,1000,1000,1000,1000,1000,1000,1000,1000,1000,1000,1000,1195.11317697774,1500,1500,2000,2000,2000,2000,2000,2000,2000,2000,2000,2000,2000,2000,2000,2000,2000,2000,2000,2000,2000,2000,2000,2000,2000,2000,2000,2000,2000,2000,2000,2000,2000,2000,2000,2000,2000,2000,2000,2000,2000,2000,2000,2000,2000,2000,2000,2000,2000,2000,2000,2000,2000,2000,2000,2000,2000,2000,2000,2000,2000,2000,2000,2000,2000,2000,2000,2000,2000,1985.05372184552,1500.49518309875,1500,1500,1439.32432164636,1000,1000,1000,1000,1000,1000,1000,1000,1000,1000,1000,1000
1000,1000,1000,1000,1000,1000,1000,1000,1000,1000,1000,1000,1000,1432.74957401702,1500,1500,2000,2000,2000,2000,2000,2000,2000,2000,2000,2000,2000,2000,2000,2000,1958.99368501411,1929.95454968261,1908.41456806104,2000,2000,2000,2000,2000,2000,2000,2000,2000,2000,2000,2000,2000,2000,2000,2000,2000,2000,2000,2000,2000,2000,2000,2000,2000,2000,2000,2000,2000,2000,2000,2000,2000,2000,2000,2000,2000,2000,2000,2000,2000,2000,2000,2000,2000,2000,2000,2000,2000,2000,1977.90634374542,1500,1500,1500,1486.03496749071,1000,1000,1000,1000,1000,1000,1000,1000,1000,1000,1000,1000
1000,1000,1000,1000,1000,1000,1000,1000,1000,1000,1000,1000,1000,1142.9935447248,1500,1500,2000,2000,2000,2000,2000,2000,2000,2000,2000,2000,2000,2000,2000,1850.2347759272,1500,1500,1500,1519.79840290041,2000,2000,2000,2000,2000,2000,2000,2000,2000,2000,2000,2000,2000,2000,2000,2000,2000,2000,2000,2000,2000,2000,2000,2000,2000,2000,2000,2000,2000,2000,2000,2000,2000,2000,2000,2000,2000,2000,2000,2000,2000,2000,2000,2000,2000,2000,2000,2000,2000,1985.28432577221,1500,1500,1500,1477.68558159809,1000,1000,1000,1000,1000,1000,1000,1000,1000,1000,1000,1000
1000,1000,1000,1000,1000,1000,1000,1000,1000,1000,1000,1000,1000,1182.21330052441,1500,1500,1500,1500,1500,1500.12898658343,1500,1500.83631546881,1500,1500.44874435893,1500,1501.17320168101,1500.04228676084,1500.21289477415,1501.10954255857,1500,1500,1500,1500,1500,1500,1500,1500.17926655214,1617.82634925176,2000,2000,2000,2000,2000,2000,2000,2000,2000,2000,2000,2000,2000,2000,2000,2000,2000,2000,2000,2000,2000,2000,2000,2000,2000,2000,2000,2000,2000,2000,2000,2000,2000,2000,2000,2000,2000,2000,2000,2000,2000,2000,2000,2000,2000,1997.08756256719,1500,1500,1500,1156.70782203759,1000,1000,1000,1000,1000,1000,1000,1000,1000,1000,1000,1000
1000,1000,1000,1000,1000,1000,1000,1000,1000,1000,1000,1000,1000,1201.67151567747,1500,1500,1500,1500,1500,1500,1500,1500,1500,1500,1500,1500,1500,1500,1500,1500,1500,1500,1500,1500,1500,1500,1500,1500,1902.96283796459,2000,2000,2000,2000,2000,2000,2000,2000,2000,2000,2000,2000,2000,2000,2000,2000,2000,2000,2000,2000,2000,2000,2000,2000,2000,2000,2000,2000,2000,2000,2000,2000,2000,2000,2000,2000,2000,2000,2000,2000,2000,2000,2000,2000,1928.10289060542,1500,1500,1191.81834267585,1000,1000,1000,1000,1000,1000,1000,1000,1000,1000,1000,1000,1000
1000,1000,1000,1000,1000,1000,1000,1000,1000,1000,1000,1000,1000,1388.92164819337,1500,1500,1500,1500,1500,1500,1500,1500,1500,1500,1500,1500,1500,1500,1500,1500,1500,1500,1500,1627.22864187451,1622.79071351491,1603.81459765887,1613.58649193084,1805.85791300473,2000,2000,2000,2000,2000,2000,2000,2000,2000,2000,2000,2000,2000,2000,2000,2000,2000,2000,2000,2000,2000,2000,2000,2000,2000,2000,2000,2000,2000,2000,2000,2000,2000,2000,2000,2000,2000,2000,2000,2000,2000,2000,2000,2000,2000,1985.2454827451,1500,1500,1421.32519432327,1000,1000,1000,1000,1000,1000,1000,1000,1000,1000,1000,1000,1000
1000,1000,1000,1000,1000,1000,1000,1000,1000,1000,1000,1000,1000,1193.75328459016,1500,1500,1527.58386311477,1500.27898277019,1506.73887300704,1530.72122335667,1508.8872283115,1513.1640975474,1506.37452693115,1500,1515.76767146261,1500,1501.24308695588,1504.19149154097,1500,1536.26208504547,1513.54417417007,1500,1870.50432144622,2000,2000,2000,2000,2000,2000,2000,2000,2000,2000,2000,2000,2000,2000,2000,2000,2000,2000,2000,2000,2000,2000,2000,2000,2000,2000,2000,2000,2000,2000,2000,2000,2000,2000,2000,2000,2000,2000,2000,2000,2000,2000,2000,2000,2000,2000,2000,2000,2000,2000,1953.67801132727,1500,1500,1040.86904482817,1000,1000,1000,1000,1000,1000,1000,1000,1000,1000,1000,1000,1000
1000,1000,1000,1000,1000,1000,1000,1000,1000,1000,1000,1000,1000,1281.91341199726,1500,1902.30762258572,2000,2000,2000,2000,2000,2000,2000,2000,2000,2000,2000,2000,2000,2000,2000,2000,2000,2000,2000,2000,2000,2000,2000,2000,2000,2000,2000,2000,2000,2000,2000,2000,2000,2000,2000,2000,2000,2000,2000,2000,2000,2000,2000,2000,2000,2000,2000,2000,2000,2000,2000,2000,2000,2000,2000,2000,2000,2000,2000,2000,2000,2000,2000,2000,2000,2000,2000,1998.95580227886,1500,1500,1090.75629732554,1000,1000,1000,1000,1000,1000,1000,1000,1000,1000,1000,1000,1000
1000,1000,1000,1000,1000,1000,1000,1000,1000,1000,1000,1000,1000,1402.19805960681,1517.0328222961,2000,2000,2000,2000,2000,2000,2000,2000,2000,2000,2000,2000,2000,2000,2000,2000,2000,2000,2000,2000,2000,2000,2000,2000,2000,2000,2000,2000,2000,2000,2000,2000,2000,2000,2000,2000,2000,2000,2000,2000,2000,2000,2000,2000,2000,2000,2000,2000,2000,2000,2000,2000,2000,2000,2000,2000,2000,2000,2000,2000,2000,2000,2000,2000,2000,2000,2000,2000,1869.89329970117,1500,1500,1064.04391281209,1000,1000,1000,1000,1000,1000,1000,1000,1000,1000,1000,1000,1000
1000,1000,1000,1000,1000,1000,1000,1000,1000,1000,1000,1000,1000,1457.57083879689,1500.08605382612,1998.45550991976,2000,2000,2000,2000,2000,2000,2000,2000,2000,2000,2000,2000,2000,2000,2000,2000,2000,2000,2000,2000,2000,2000,2000,2000,2000,2000,2000,2000,2000,2000,2000,2000,2000,2000,2000,2000,2000,2000,2000,2000,2000,2000,2000,2000,1947.66769711233,2000,2000,2000,2000,2000,2000,2000,2000,2000,2000,2000,2000,2000,2000,2000,2000,2000,2000,2000,2000,2000,1842.85521261264,1500,1500,1500,1074.58839799642,1000,1000,1000,1000,1000,1000,1000,1000,1000,1000,1000,1000,1000
1000,1000,1000,1000,1000,1000,1000,1000,1000,1000,1000,1000,1000,1460.97391439391,1500,2000,2000,2000,2000,2000,2000,2000,2000,2000,2000,2000,2000,2000,1903.24284138393,1998.81533009843,2000,2000,2000,2000,2000,2000,2000,2000,1914.62138485194,1983.62658786942,2000,2000,2000,2000,2000,2000,2000,2000,2000,2000,2000,2000,2000,2000,2000,2000,2000,2000,2000,1592.91366958133,1500,1885.06185200832,2000,1970.06344989982,2000,2000,2000,2000,2000,2000,2000,1986.17316269705,2000,2000,2000,2000,2000,2000,2000,2000,2000,2000,1620.5320289022,1500,1500,1500,1127.45103300434,1000,1000,1000,1000,1000,1000,1000,1000,1000,1000,1000,1000,1000
1000,1000,1000,1000,1000,1000,1000,1000,1000,1000,1000,1000,1000,1399.02388054852,1500.97110613176,2000,2000,2000,2000,2000,2000,2000,2000,2000,2000,2000,2000,1573.69533136085,1500,1515.80943546412,2000,2000,2000,2000,2000,2000,2000,1815.6106752878,1500,1500,1949.82482439081,2000,2000,2000,2000,2000,2000,2000,2000,2000,2000,2000,2000,2000,2000,2000,2000,2000,1670.82825468253,1500,1500,1500,1500,1500,1507.78807448265,1922.84206698613,2000,2000,2000,1999.6478702274,1500,1500,1578.09597585929,2000,2000,2000,2000,2000,2000,2000,2000,2000,1738.74890429087,1500,1500,1500,1371.40819281875,1000,1000,1000,1000,1000,1000,1000,1000,1000,1000,1000,1000,1000
1000,1000,1000,1000,1000,1000,1000,1000,1000,1000,1000,1000,1000,1331.69776862787,1500,2000,2000,2000,1592.72242203432,1530.56341194244,1509.27261340558,1529.28876274463,1504.32164968132,1515.63380212389,1523.48498255472,1534.23582557248,1500,1500,1500,1500,1500,2000,2000,2000,2000,2000,1598.67265206263,1500,1500,1500,1500,1987.04701393636,2000,2000,2000,2000,2000,2000,2000,2000,2000,2000,2000,2000,2000,2000,2000,1947.91131221723,1500,1500,1500,1500,1500,1500,1500,1531.78153741107,2000,2000,2000,1856.18754083108,1500,1500,1500,1500,1512.77041604364,1965.08241895959,2000,2000,2000,2000,2000,2000,1606.87614742191,1500,1500,1500,1354.30216090728,1000,1000,1000,1000,1000,1000,1000,1000,1000,1000,1000,1000,1000
1000,1000,1000,1000,1000,1000,1000,1000,1000,1000,1000,1000,1000,1358.44072475229,1500,1500.70336912699,1863.47464288456,1593.81329421334,1500,1500,1500,1500,1500,1500,1500,1500,1500,1500,1500,1500,1500,1500,2000,2000,2000,1922.57316886508,1500,1500,1500,1500,1551.31780036234,2000,2000,2000,2000,2000,2000,2000,2000,2000,2000,2000,2000,2000,2000,2000,2000,1958.62417555496,1500,1500,1500,1500,1500,1500,1500,1500,1604.87085820025,1860.58411634464,1578.76358434815,1879.4643899399,1500,1500,1500,1500,1500,1500,1804.78532398435,1608.74982539835,1859.4847224378,1828.20777313533,1868.31641187586,1644.6057889593,1500,1500,1500,1500,1212.59407387727,1000,1000,1000,1000,1000,1000,1000,1000,1000,1000,1000,1000,1000
1000,1000,1000,1000,1000,1000,1000,1000,1000,1000,1000,1000,1000,1077.4147341899,1500,1500,1500,1500,1500,1500,1500,1500,1500,1500,1500,1500,1500,1500,1500,1500,1500,1500,2000,1983.08099360129,1986.05247248102,1888.3797721623,1500,1500,1500,1574.46841562165,2000,2000,2000,2000,2000,2000,2000,2000,2000,2000,2000,2000,2000,2000,2000,2000,2000,1963.85300207108,1500,1500,1500,1500,1500,1500,1500,1500,1500,1500,1500,1500,1500,1500,1500,1500,1500,1500,1500,1500,1500,1500,1500,1500,1500,1500,1500,1037.199158308,1000,1000,1000,1000,1000,1000,1000,1000,1000,1000,1000,1000,1000,1000
1000,1000,1000,1000,1000,1000,1000,1000,1000,1000,1000,1000,1000,1256.21986361274,1500,1500,1500,1500,1500,1500,1500,1500,1500,1500,1500,1500,1500,1500,1500,1500,1500,1500,1500,1500,1500,1500,1500,1500,1500,1668.84293762382,2000,2000,2000,2000,2000,2000,2000,2000,2000,2000,2000,2000,2000,2000,2000,2000,2000,1971.22578073712,1500,1500,1500,1500,1500,1500,1500,1500,1500,1500,1500,1500,1500,1500,1500,1500,1500,1500,1500,1500,1500,1500,1500,1500,1500,1500,1500,1000,1000,1000,1000,1000,1000,1000,1000,1000,1000,1000,1000,1000,1000,1000
1000,1000,1000,1000,1000,1000,1000,1000,1000,1000,1000,1000,1000,1385.92374467372,1500,1500,1500,1500,1500,1500,1500,1500,1500,1500,1500,1500,1500,1500,1500,1500,1500,1500,1500,1500,1500,1500,1500,1500,1503.76248116804,1881.19155542039,2000,2000,2000,2000,2000,2000,2000,2000,2000,2000,2000,2000,2000,2000,2000,2000,2000,1958.18332813319,1500,1500,1500,1500,1500,1500,1500,1500,1500,1500,1500,1500,1500,1500,1500,1500,1500,1500,1500,1500,1500,1500,1500,1500,1500,1028.7847819212,1000,1000,1000,1000,1000,1000,1000,1000,1000,1000,1000,1000,1000,1000,1000,1000
1000,1000,1000,1000,1000,1000,1000,1000,1000,1000,1000,1000,1000,1455.46899946997,1500,1500,1500,1500,1500,1500,1500,1500,1500,1500,2000,1821.37847874935,1872.6329183531,1896.63251013774,1551.17309223485,1500,1500,1500,1500,1500,1500,1500,1500,1500,1916.09950434454,2000,2000,2000,2000,2000,2000,2000,2000,2000,2000,2000,2000,2000,2000,2000,2000,2000,2000,1978.20609779581,1520.99673847664,1500,1500,1500,1500,1500,1500,1500,1500,1500,1500,1500,1500,1500,1500,1500,1500,1500,1500,1500,1500,1500,1500,1135.32373481701,1098.87987504891,1000,1000,1000,1000,1000,1000,1000,1000,1000,1000,1000,1000,1000,1000,1000,1000,1000
1000,1000,1000,1000,1000,1000,1000,1000,1000,1000,1000,1000,1000,1455.81593592679,1500,1500,1500,1500,1500,1500,1500,1500,1500,1500,2000,2000,2000,2000,2000,1500,1500,1500,1500,1500,1500,1500,1500,1500,1978.45206669125,2000,2000,2000,2000,2000,2000,2000,2000,2000,2000,2000,2000,2000,2000,2000,2000,2000,2000,2000,1911.63790809704,1543.3387754686,1500,1500,1500,1500,1500,1500,1500,1500,1500,1500,1500,1500,1500,1500,1500,1500,1354.66472391432,1422.03098181367,1351.24396952703,1468.13553274924,1022.1544600975,1000,1000,1000,1000,1000,1000,1000,1000,1000,1000,1000,1000,1000,1000,1000,1000,1000,1000,1000
1000,1000,1000,1000,1000,1000,1000,1000,1000,1000,1000,1000,1000,1392.83012602111,1500,1500,1500,1500,1500,1500,1500,1500,1500,1837.5555831838,2000,2000,2000,2000,2000,1502.43089376237,1500,1500,1500,1500,1500,1500,1500,1590.38867108618,2000,2000,2000,2000,2000,2000,2000,2000,2000,2000,2000,2000,2000,2000,2000,2000,2000,2000,2000,2000,2000,1920.42151845192,1500,1500,1506.46576354119,1500,1500,1500,1500,1500,1500,1500,1500,1500,1500,1500,1500,1000,1000,1000,1000,1000,1000,1000,1000,1000,1000,1000,1000,1000,1000,1000,1000,1000,1000,1000,1000,1000,1000,1000,1000,1000
1000,1000,1000,1000,1000,1000,1000,1000,1000,1000,1000,1000,1000,1184.62187499411,1500,1500,2000,2000,2000,1589.26469838257,1500,1500,1896.73832539635,2000,2000,2000,2000,2000,2000,1541.86170101815,1500,1500,1500,1500,1500,1500,1503.80158896206,2000,2000,2000,2000,2000,2000,2000,2000,2000,1827.82003676465,1500,1967.6419867449,2000,2000,2000,2000,2000,2000,2000,2000,2000,2000,2000,2000,1995.44545873229,1973.83104687692,1999.97923272751,1900.22954330434,1500,1500,1500,1500,1500,1500,1500,1500,1500,1500,1000,1000,1000,1000,1000,1000,1000,1000,1000,1000,1000,1000,1000,1000,1000,1000,1000,1000,1000,1000,1000,1000,1000,1000,1000
1000,1000,1000,1000,1000,1000,1000,1000,1000,1000,1000,1000,1000,1220.04326961753,1500,1500,2000,2000,2000,1995.45723239628,1736.1813636793,1937.61311943385,2000,2000,2000,2000,2000,2000,2000,1500,1500,1500,1500,1500,1500,1500,1501.78357159684,1999.97520189271,2000,2000,2000,2000,2000,2000,2000,2000,1500,1500,1546.83276663626,2000,2000,2000,2000,2000,2000,2000,2000,2000,2000,2000,2000,2000,2000,2000,2000,1926.75315505679,1949.12193005575,1535.99742748025,1500,1500,1500,1500,1500,1500,1500,1500,1185.58497627977,1000,1000,1000,1000,1000,1000,1000,1000,1000,1000,1000,1000,1000,1000,1000,1000,1000,1000,1000,1000,1000,1000,1000
1000,1000,1000,1000,1000,1000,1000,1000,1000,1000,1000,1000,1000,1258.58146203075,1500,1500,2000,2000,2000,2000,2000,2000,2000,2000,2000,2000,2000,2000,2000,1514.73330348961,1500,1500,1500,1500,1500,1500,1510.9951751527,2000,2000,2000,2000,2000,2000,2000,2000,2000,1500,1500,1500,1620.63582959752,1998.12742456279,2000,2000,2000,2000,2000,2000,2000,2000,2000,2000,2000,2000,2000,2000,2000,2000,1981.75709618768,1639.24834002299,1649.31166385588,1685.56841260804,1754.2789916983,1548.19773568605,1500,1500,1500,1500,1106.23245179658,1000,1000,1000,1000,1000,1000,1000,1000,1000,1000,1000,1000,1000,1000,1000,1000,1000,1000,1000,1000,1000,1000
1000,1000,1000,1000,1000,1000,1000,1000,1000,1000,1000,1000,1000,1193.35262851484,1500,1500,1999.7903745711,2000,2000,2000,2000,2000,2000,2000,2000,2000,2000,2000,1600.24652778187,1500,1500,1500,1500,1500,1500,1500,1905.65640034213,2000,2000,2000,2000,2000,2000,2000,2000,2000,1500,1500,1500,1500,1500,1989.25660072791,2000,2000,2000,2000,2000,2000,2000,2000,2000,2000,2000,2000,2000,2000,2000,2000,2000,2000,2000,2000,2000,1526.5418144301,1500,1500,1500,1500,1253.63853117271,1000,1000,1000,1000,1000,1000,1000,1000,1000,1000,1000,1000,1000,1000,1000,1000,1000,1000,1000,1000,1000
1000,1000,1000,1000,1000,1000,1000,1000,1000,1000,1000,1000,1000,1331.80995669215,1500,1500,1960.11401669781,2000,2000,2000,2000,2000,2000,2000,2000,2000,2000,1955.99980434711,1500,1500,1500,1500,1500,1500,1519.44272563279,1924.83682402783,2000,2000,2000,2000,2000,2000,2000,2000,2000,2000,1781.00801833139,1500,1500,1500,1500,1901.29909228908,2000,2000,2000,2000,2000,2000,2000,2000,2000,2000,2000,2000,2000,2000,2000,2000,2000,2000,2000,2000,2000,1794.5614264713,1500,1500,1500,1500,1395.73831736233,1000,1000,1000,1000,1000,1000,1000,1000,1000,1000,1000,1000,1000,1000,1000,1000,1000,1000,1000,1000,1000
1000,1000,1000,1000,1000,1000,1000,1000,1000,1000,1000,1000,1000,1271.10269481629,1500,1500,2000,2000,2000,2000,2000,2000,2000,2000,2000,2000,2000,2000,1500,1500,1500,1500,1669.62132677284,1947.70688433608,2000,2000,2000,2000,2000,2000,2000,2000,2000,2000,2000,2000,2000,1738.69211213087,1500,1500,1500,1825.21014911399,2000,2000,2000,2000,2000,2000,2000,2000,2000,2000,2000,2000,2000,2000,2000,2000,2000,2000,2000,2000,2000,1727.64689953157,1500,1500,1500,1500,1397.97676429425,1000,1000,1000,1000,1000,1000,1000,1000,1000,1000,1000,1000,1000,1000,1000,1000,1000,1000,1000,1000,1000
1000,1000,1000,1000,1000,1000,1000,1000,1000,1000,1000,1000,1000,1316.91710701146,1500,1500,1966.08232874098,2000,2000,1942.31142350768,1684.2986408653,1801.49985538517,2000,2000,2000,2000,2000,1982.45947836965,1500,1500,1500,1504.9302211173,2000,2000,2000,2000,2000,2000,2000,2000,2000,2000,2000,2000,2000,2000,2000,1592.71271387975,1500,1500,1500,1500,1665.98498836592,2000,2000,2000,2000,2000,2000,2000,2000,2000,2000,2000,2000,2000,2000,2000,2000,2000,2000,2000,1895.49264404182,1594.97061165482,1500,1500,1500,1500,1377.39836982141,1000,1000,1000,1000,1000,1000,1000,1000,1000,1000,1000,1000,1000,1000,1000,1000,1000,1000,1000,1000,1000
1000,1000,1000,1000,1000,1000,1000,1000,1000,1000,1000,1000,1000,1249.38350247129,1500,1500,1542.18565914558,1988.71568254639,1941.10702721634,1542.26017191039,1500,1500,1685.56249046868,2000,2000,2000,2000,1996.92088032152,1500,1500,1500,1597.23754298857,2000,2000,2000,2000,2000,2000,2000,2000,2000,2000,2000,2000,2000,2000,2000,1585.61274243134,1500,1500,1500,1500,1664.0230768064,2000,2000,2000,2000,2000,2000,2000,2000,2000,2000,2000,2000,2000,2000,2000,2000,1999.43087375221,2000,1520.56653435747,1500,1500,1500,1500,1500,1500,1381.76881386859,1000,1000,1000,1000,1000,1000,1000,1000,1000,1000,1000,1000,1000,1000,1000,1000,1000,1000,1000,1000,1000
1000,1000,1000,1000,1000,1000,1000,1000,1000,1000,1000,1000,1000,1252.30896202898,1500,1500,1500,1500,1500,1500,1500,1500,1609.70743832021,2000,2000,2000,2000,1980.61478624644,1500,1500,1500,1603.9432726604,2000,2000,2000,2000,2000,2000,2000,2000,2000,2000,2000,2000,2000,2000,2000,2000,1559.45951836944,1500,1500,1500,1718.33071660685,2000,2000,2000,2000,2000,2000,2000,2000,2000,2000,2000,2000,2000,2000,2000,1900.8039660748,1500,1500,1500,1500,1500,1500,1500,1500,1500,1466.38487807833,1002.86552552322,1000,1000,1000,1000,1000,1000,1000,1000,1000,1000,1000,1000,1000,1000,1000,1000,1000,1000,1000,1000
1000,1000,1000,1000,1000,1000,1000,1000,1000,1000,1000,1000,1000,1169.8243931953,1500,1500,1500,1500,1500,1500,1500,1500,1572.01205117098,2000,2000,2000,2000,2000,1573.42281425781,1500,1500,1500,2000,2000,2000,2000,2000,2000,2000,2000,2000,2000,2000,2000,2000,2000,2000,2000,1931.75466382868,1500,1500,1500,1690.63704655442,2000,2000,2000,2000,2000,2000,2000,2000,2000,2000,1911.34809765214,1530.89165169667,1518.143165794,1509.25895157897,1547.280230735,1500,1500,1500,1500,1500,1500,1500,1500,1500,1500,1500,1500,1500,1440.66087486331,1007.80453103587,1000,1000,1000,1000,1000,1000,1000,1000,1000,1000,1000,1000,1000,1000,1000,1000,1000
1000,1000,1000,1000,1000,1000,1000,1000,1000,1000,1000,1000,1000,1403.21864095602,1500,1500,1500,1500,1500,1500,1500,1500,1663.04915976545,2000,2000,2000,2000,2000,1999.99966323051,1534.63682327749,1500,1500,1516.46126885374,1996.13087101285,2000,2000,2000,2000,2000,2000,2000,2000,2000,2000,2000,2000,2000,2000,1826.22632237928,1500,1500,1500,1683.1959150964,2000,2000,2000,2000,2000,2000,2000,2000,2000,1923.05811240325,1503.30110295803,1500,1500,1500,1500,1500,1500,1500,1500,1500,1500,1500,1500,1500,1500,1500,1500,1500,1500,1330.29135829812,1000,1000,1000,1000,1000,1000,1000,1000,1000,1000,1000,1000,1000,1000,1000,1000,1000
1000,1000,1000,1000,1000,1000,1000,1000,1000,1000,1000,1000,1000,1284.21921182571,1500,1500,1500,1500,1500,1613.84674407057,1535.97495622946,1620.63087098648,2000,2000,2000,2000,2000,2000,2000,1540.45483763045,1500,1500,1501.53665923548,1947.14629068166,2000,2000,2000,2000,2000,2000,2000,2000,2000,2000,2000,2000,2000,1911.51969178792,1500,1500,1500,1500,1649.83596554459,2000,2000,2000,2000,2000,2000,2000,2000,1919.58465248717,1536.55294143951,1500,1500,1500,1500,1500,1500,1500,1500,1500,1500,1500,1500,1500,1500,1500,1500,1500,1500,1500,1349.86682510264,1000,1000,1000,1000,1000,1000,1000,1000,1000,1000,1000,1000,1000,1000,1000,1000,1000
1000,1000,1000,1000,1000,1000,1000,1000,1000,1000,1000,1000,1000,1378.82569268471,1500,1500,1500,1500,2000,2000,2000,2000,2000,2000,2000,2000,2000,2000,2000,1519.90046143942,1500,1500,1501.84566592262,1995.63098221208,2000,2000,2000,2000,2000,2000,2000,2000,2000,2000,2000,2000,2000,1569.91383829251,1500,1500,1500,1526.71500572322,1973.88878002882,2000,2000,2000,2000,2000,2000,2000,1963.01819257346,1544.58450416827,1500,1500,1500,1500,1500,1500,1500,1500,1500,1500,1500,1500,1500,1500,1500,1500,1500,1500,1500,1500,1372.90678323707,1000,1000,1000,1000,1000,1000,1000,1000,1000,1000,1000,1000,1000,1000,1000,1000,1000
1000,1000,1000,1000,1000,1000,1000,1000,1000,1000,1000,1000,1000,1427.31322410564,1500,1500,2000,2000,2000,2000,2000,2000,2000,2000,2000,2000,2000,2000,2000,1530.1059099564,1500,1500,1511.48948862145,1972.35980991031,2000,2000,2000,2000,2000,2000,2000,2000,2000,2000,2000,2000,1982.69459648711,1561.84859946909,1500,1500,1628.85529156786,1984.930968681,2000,2000,2000,2000,2000,2000,2000,1947.41941556801,1500.65723617251,1500,1500,1500,1500,1500,1500,1500,1500,1500,1500,1500,1500,1500,1500,1500,1500,1500,1500,1500,1500,1500,1368.18050301978,1000,1000,1000,1000,1000,1000,1000,1000,1000,1000,1000,1000,1000,1000,1000,1000,1000
1000,1000,1000,1000,1000,1000,1000,1000,1000,1000,1000,1000,1000,1261.88380802485,1500,1500,2000,2000,2000,2000,2000,2000,2000,2000,2000,2000,2000,2000,2000,1535.40918769373,1500,1500,1500,1996.54490967913,2000,2000,1877.91114555419,1529.0215468184,1756.94570998721,2000,2000,2000,2000,2000,2000,1866.18119468596,1500.81737512742,1500,1500,1500,1984.71689187253,2000,2000,2000,2000,2000,2000,2000,2000,1545.01095541896,1500,1500,1500,1500,1500,1500,1500,1500,1500,1500,1500,1500,1500,1500,1500,1500,1500,1500,1500,1500,1500,1500,1334.40744081845,1000,1000,1000,1000,1000,1000,1000,1000,1000,1000,1000,1000,1000,1000,1000,1000,1000
1000,1000,1000,1000,1000,1000,1000,1000,1000,1000,1000,1000,1000,1346.91433426683,1500,1500,2000,2000,2000,2000,2000,2000,2000,2000,2000,2000,2000,2000,2000,1523.04147953764,1500,1500,1500,1559.29354504389,1907.34153373956,1917.35219107617,1500.53465788677,1500,1500,1541.77566659423,2000,2000,2000,2000,1993.43785657655,1500,1500,1500,1500,1508.96494604624,2000,2000,2000,2000,2000,2000,2000,2000,1988.57314605409,1514.76316148304,1500,1500,1500,1500,1500,1500,1500,1500,1500,1500,1500,1500,1500,1500,1500,1500,1500,1500,1500,1500,1500,1500,1385.02344289067,1000,1000,1000,1000,1000,1000,1000,1000,1000,1000,1000,1000,1000,1000,1000,1000,1000
1000,1000,1000,1000,1000,1000,1000,1000,1000,1000,1000,1000,1000,1168.42097128927,1500,1500,2000,2000,2000,2000,2000,2000,2000,2000,2000,2000,2000,2000,2000,1536.8357361233,1500,1500,1500,1500,1500,1500,1500,1500,1639.16370459409,2000,2000,2000,2000,2000,1897.28086077164,1500,1500,1500,1500,1500,1999.32758402316,2000,2000,2000,2000,2000,2000,2000,1655.3674539957,1500,1500,1500,1500,1500,1500,1500,1503.7112269559,1501.58681082788,1500,1500,1500,1500,1500,1500,1500,1500,1500,1500,1500,1500,1500,1500,1387.19148924759,1000,1000,1000,1000,1000,1000,1000,1000,1000,1000,1000,1000,1000,1000,1000,1000,1000
1000,1000,1000,1000,1000,1000,1000,1000,1000,1000,1000,1000,1000,1348.89259636517,1500,1500,1898.42969835417,2000,2000,2000,2000,2000,2000,2000,2000,2000,2000,2000,2000,1542.43602490724,1500,1500,1500,1500,1500,1500,1500,1500,1991.76392467396,2000,2000,2000,2000,2000,1977.81816889759,1500,1500,1500,1500,1698.18399400934,2000,2000,2000,2000,2000,2000,2000,1571.14181908933,1500,1500,1500,1500,1500,1500,1539.20730334998,1993.39619800278,2000,2000,2000,2000,1537.9612185162,1500,1500,1500,1500,1500,1500,1500,1500,1500,1500,1500,1356.88501817279,1000,1000,1000,1000,1000,1000,1000,1000,1000,1000,1000,1000,1000,1000,1000,1000,1000
1000,1000,1000,1000,1000,1000,1000,1000,1000,1000,1000,1000,1000,1351.06058406713,1500,1500,1500,1608.34495816376,2000,2000,2000,2000,2000,2000,2000,2000,2000,2000,2000,1513.45903268986,1500,1500,1500,1500,1500,1500,1500,1500,1998.40432640375,2000,2000,2000,2000,2000,1938.75389787905,1500,1500,1500,1583.25743280846,2000,2000,2000,2000,2000,2000,2000,1554.27351702152,1500,1500,1500,1500,1500,1500,1500,1918.40454553473,2000,2000,2000,2000,2000,1998.51881168036,1984.84660028122,1974.19545679017,1953.72758871448,1982.19140867534,1500,1500,1500,1500,1500,1500,1500,1278.01003525503,1000,1000,1000,1000,1000,1000,1000,1000,1000,1000,1000,1000,1000,1000,1000,1000,1000
1000,1000,1000,1000,1000,1000,1000,1000,1000,1000,1000,1000,1000,1323.286437671,1500,1500,1500,1500,1625.43534209609,2000,2000,2000,2000,2000,2000,2000,2000,2000,2000,1525.00082819301,1500,1500,1500,1500,1500,1500,1500,1999.21372322971,2000,2000,2000,2000,2000,2000,1987.30608758591,1500,1500,1500,1582.27464316389,2000,2000,2000,2000,2000,2000,2000,1675.5838756326,1500,1500,1500,1500,1500,1500,1500,1947.6848774244,2000,2000,2000,2000,2000,2000,2000,2000,2000,1979.12204365435,1500,1500,1500,1500,1500,1492.36797517431,1112.41910933584,1000,1000,1000,1000,1000,1000,1000,1000,1000,1000,1000,1000,1000,1000,1000,1000,1000,1000
1000,1000,1000,1000,1000,1000,1000,1000,1000,1000,1000,1000,1000,1275.76935526532,1500,1500,1500,1500,1500,1794.54445627743,2000,2000,2000,2000,2000,2000,2000,2000,2000,1832.24461949426,1500,1501.2773727057,1500,1500,1500,1500,1981.70450126037,2000,2000,2000,2000,2000,2000,2000,1940.97256557958,1500,1500,1500,1604.67543419546,2000,2000,2000,2000,2000,2000,1863.82778748439,1500,1500,1500,1500,1500,1500,1500,1516.91837598897,2000,2000,2000,2000,1999.82087057615,1956.80312979302,2000,2000,2000,2000,2000,1500,1500,1500,1500,1500,1044.73035612268,1000,1000,1000,1000,1000,1000,1000,1000,1000,1000,1000,1000,1000,1000,1000,1000,1000,1000,1000
1000,1000,1000,1000,1000,1000,1000,1000,1000,1000,1000,1000,1000,1125.78285602491,1500,1500,1500,1500,1500,1500,1578.2023583533,2000,2000,2000,2000,2000,2000,2000,2000,2000,2000,2000,1598.42567830389,1508.72304247306,2000,2000,2000,2000,2000,2000,2000,2000,2000,2000,1954.04141980551,1500,1500,1500,1602.77584671991,2000,2000,2000,2000,2000,2000,1526.72255133054,1500,1500,1500,1500,1500,1500.00004676336,2000,2000,2000,2000,2000,1644.32013284636,1500,1500,1500,1500,1500,1500,1500,1500,1500,1500,1500,1500,1000,1000,1000,1000,1000,1000,1000,1000,1000,1000,1000,1000,1000,1000,1000,1000,1000,1000,1000,1000
1000,1000,1000,1000,1000,1000,1000,1000,1000,1000,1000,1000,1000,1090.81668937686,1500,1500,1500,1500,1500,1500,1500,1858.64798513478,2000,2000,2000,2000,2000,2000,2000,2000,2000,2000,2000,2000,2000,2000,2000,2000,2000,2000,2000,2000,2000,2000,1682.11584571661,1500,1500,1500,1643.99181548079,2000,2000,2000,2000,2000,2000,1592.31397425018,1500,1500,1500,1500,1500,1600.67618470297,2000,2000,2000,2000,2000,1500,1500,1500,1500,1500,1500,1500,1500,1500,1500,1500,1500,1448.89120598196,1000,1000,1000,1000,1000,1000,1000,1000,1000,1000,1000,1000,1000,1000,1000,1000,1000,1000,1000,1000
1000,1000,1000,1000,1000,1000,1000,1000,1000,1000,1000,1000,1000,1212.58609314853,1500,1500,1500,1500,1500,1500,1500,1824.9560701613,2000,2000,2000,2000,2000,2000,2000,2000,2000,2000,2000,2000,2000,2000,2000,2000,2000,2000,2000,2000,2000,1742.39278861361,1500,1500,1500,1500,1603.83169509239,2000,2000,2000,2000,2000,2000,1553.20689301887,1500,1500,1500,1500,1835.81356323849,2000,2000,2000,2000,2000,1992.83605311899,1500,1500,1500,1500,1500,1500,1500,1500,1500,1500,1500,1356.2011732443,1000,1000,1000,1000,1000,1000,1000,1000,1000,1000,1000,1000,1000,1000,1000,1000,1000,1000,1000,1000,1000
1000,1000,1000,1000,1000,1000,1000,1000,1000,1000,1000,1000,1000,1078.40095631157,1500,1500,1500,1500,1500,1500,1500,1508.40503068716,1904.94132528552,2000,2000,2000,2000,2000,2000,2000,2000,2000,2000,2000,2000,2000,2000,2000,2000,2000,2000,2000,2000,1830.83197383226,1500,1500,1500,1500,1654.5781797634,2000,2000,2000,2000,2000,2000,1557.46491340698,1500,1500,1500,1846.56298583341,2000,2000,2000,2000,2000,2000,2000,1509.09139753343,1500,1500,1500,1500,1500,1500,1500,1500,1500,1500,1329.49276312075,1000,1000,1000,1000,1000,1000,1000,1000,1000,1000,1000,1000,1000,1000,1000,1000,1000,1000,1000,1000,1000
1000,1000,1000,1000,1000,1000,1000,1000,1000,1000,1000,1000,1000,1114.79121597172,1500,1500,1500,1500,1500,1500,1500,1500,1500,1877.36224569138,2000,2000,2000,2000,2000,2000,2000,2000,2000,2000,2000,2000,2000,2000,2000,2000,2000,2000,2000,1726.43361158107,1500,1500,1500,1500,1641.14768368093,2000,2000,2000,2000,2000,2000,1805.7523168098,1500,1500,1701.70621941688,2000,2000,2000,2000,2000,2000,2000,1945.50309272548,1500,1500,1500,1500,1500,1500,1500,1500,1500,1500,1500,1194.33625726612,1000,1000,1000,1000,1000,1000,1000,1000,1000,1000,1000,1000,1000,1000,1000,1000,1000,1000,1000,1000,1000
1000,1000,1000,1000,1000,1000,1000,1000,1000,1000,1000,1000,1000,1273.09549481814,1500,1500,1500,1500,1500,1500,1500,1500,1500,1500,1871.77889373675,2000,2000,2000,2000,2000,2000,2000,2000,2000,2000,2000,2000,2000,2000,2000,2000,2000,2000,1927.73748151663,1519.26916557449,1500,1500,1500,1536.08721995344,1988.11203475845,2000,2000,2000,2000,2000,2000,1982.44447173301,1936.60458333155,2000,2000,2000,2000,2000,2000,2000,2000,2000,1615.99820695729,1500,1500,1500,1500,1461.79988853262,1013.97645492721,1041.18597993258,1026.51103377836,1064.95061700432,1000,1000,1000,1000,1000,1000,1000,1000,1000,1000,1000,1000,1000,1000,1000,1000,1000,1000,1000,1000,1000,1000,1000
1000,1000,1000,1000,1000,1000,1000,1000,1000,1000,1000,1000,1000,1375.37731363026,1500,1500,1500,1500,1500,1500,1500,1500,1500,1500,1500,1833.21129724011,2000,2000,2000,2000,2000,2000,2000,2000,2000,2000,2000,2000,2000,2000,2000,2000,2000,2000,1966.82419298887,1500,1500,1500,1500,1581.25296390226,1934.72799402005,2000,2000,2000,2000,2000,2000,2000,2000,2000,2000,2000,2000,2000,2000,2000,2000,2000,1514.68090742182,1500,1500,1500,1000,1000,1000,1000,1000,1000,1000,1000,1000,1000,1000,1000,1000,1000,1000,1000,1000,1000,1000,1000,1000,1000,1000,1000,1000,1000,1000,1000
1000,1000,1000,1000,1000,1000,1000,1000,1000,1000,1000,1000,1000,1207.89241703545,1500,1500,1500,1500,1500,1500,1500,1500,1500,1500,1500,1500,1805.23726764427,2000,2000,2000,2000,2000,2000,2000,2000,2000,2000,2000,2000,2000,2000,2000,2000,2000,1947.96704765592,1500,1500,1500,1500,1500,1500,1999.06127145109,2000,2000,2000,2000,2000,2000,2000,2000,2000,2000,2000,2000,2000,2000,2000,2000,1553.91569096949,1500,1500,1000,1000,1000,1000,1000,1000,1000,1000,1000,1000,1000,1000,1000,1000,1000,1000,1000,1000,1000,1000,1000,1000,1000,1000,1000,1000,1000,1000,1000
1000,1000,1000,1000,1000,1000,1000,1000,1000,1000,1000,1000,1000,1124.88993086114,1500,1500,1500,1500,1500,1505.19301670005,1551.82493215569,1500,1500,1500,1500,1500,1648.88797941478,2000,2000,2000,2000,2000,2000,2000,2000,2000,2000,2000,2000,2000,2000,2000,2000,2000,2000,1638.13641868419,1500,1500,1500,1500,1500,1914.76063808512,2000,2000,2000,2000,2000,2000,2000,2000,2000,2000,2000,2000,2000,2000,2000,2000,1532.02102633752,1500,1500,1327.510651296,1000,1000,1000,1000,1000,1000,1000,1000,1000,1000,1000,1000,1000,1000,1000,1000,1000,1000,1000,1000,1000,1000,1000,1000,1000,1000,1000,1000
1000,1000,1000,1000,1000,1000,1000,1000,1000,1000,1000,1000,1000,1176.01104492412,1500,1500,1500,1502.72963570716,1970.81976225015,1999.15209400459,1999.71291842406,1978.58787703867,1516.47290415277,1500,1500,1500,1876.61176403701,2000,2000,2000,2000,2000,2000,2000,2000,2000,2000,2000,2000,2000,2000,2000,2000,2000,2000,2000,1528.46169758005,1500,1500,1500,1500,1765.94116009721,2000,2000,2000,2000,2000,2000,2000,2000,2000,2000,2000,2000,2000,2000,2000,1990.61377187444,1500,1500,1500,1500,1000.22305192633,1000,1000,1000,1000,1000,1000,1000,1000,1000,1000,1000,1000,1000,1000,1000,1000,1000,1000,1000,1000,1000,1000,1000,1000,1000,1000,1000
1000,1000,1000,1000,1000,1000,1000,1000,1000,1000,1000,1000,1000,1067.63768020105,1500,1500,1500,1797.64321604188,2000,2000,2000,2000,1888.91478241577,1500,1500,1500,1578.18300952896,2000,2000,2000,2000,2000,2000,1973.46255775463,1555.09250222967,1618.99341171684,1942.41853608479,2000,2000,2000,2000,2000,2000,2000,2000,1991.71679207264,1513.39423300148,1500,1500,1500,1500,1500,1592.87171565813,2000,2000,2000,2000,2000,2000,2000,2000,1740.24606406659,1536.73457063501,1911.54057607254,2000,2000,1850.95009863328,1502.57746257554,1500,1500,1500,1490.76732020985,1009.39015905892,1000,1000,1000,1000,1000,1000,1000,1000,1000,1000,1000,1000,1000,1000,1000,1000,1000,1000,1000,1000,1000,1000,1000,1000,1000,1000,1000
1000,1000,1000,1000,1000,1000,1000,1000,1000,1000,1000,1000,1000,1120.40259695906,1500,1500,1500,1764.58196220095,2000,2000,2000,2000,2000,1850.16334721526,1503.99422967741,1500,1500,1542.57746450259,2000,2000,2000,2000,2000,1509.3066146608,1500,1500,1552.42884281349,1981.20303272911,2000,2000,2000,2000,2000,2000,2000,2000,1507.24149541181,1500,1500,1500,1500,1500,1716.49425048843,2000,2000,2000,2000,2000,2000,2000,1668.00321261032,1500,1500,1500,1896.87335299978,1866.85496074577,1531.07357148352,1500,1500,1500,1500,1000,1000,1000,1000,1000,1000,1000,1000,1000,1000,1000,1000,1000,1000,1000,1000,1000,1000,1000,1000,1000,1000,1000,1000,1000,1000,1000,1000,1000
1000,1000,1000,1000,1000,1000,1000,1000,1000,1000,1000,1000,1000,1381.45878184564,1500,1500,1500,1819.97976628027,2000,2000,2000,2000,2000,2000,1978.31984372144,1500,1500,1520.17424739953,2000,2000,2000,2000,2000,1514.18570958706,1500,1500,1500,1571.88677922608,1999.22612541939,2000,2000,2000,2000,2000,2000,2000,1899.81129800808,1500,1500,1500,1500,1500,1500.67413586603,1896.7079724443,2000,2000,2000,2000,2000,2000,1658.85422525905,1500,1500,1500,1500,1500,1500,1500,1500,1500,1500,1000,1000,1000,1000,1000,1000,1000,1000,1000,1000,1000,1000,1000,1000,1000,1000,1000,1000,1000,1000,1000,1000,1000,1000,1000,1000,1000,1000,1000
1000,1000,1000,1000,1000,1000,1000,1000,1000,1000,1000,1000,1000,1299.38884153609,1500,1500,1500,1631.70435515196,1997.26807430369,2000,2000,2000,2000,2000,2000,1568.23197937195,1500,1528.37622588737,2000,2000,2000,2000,2000,1500.96405906865,1500,1500,1500,1500,1595.29677480834,2000,2000,2000,2000,2000,2000,2000,2000,1991.38520034471,1509.42350105792,1500,1500,1500,1500,1500,1500,1520.13568026354,1894.1986650994,2000,2000,2000,1633.41120555313,1500,1500,1500,1500,1500,1500,1500,1500,1500,1289.28976521803,1000,1000,1000,1000,1000,1000,1000,1000,1000,1000,1000,1000,1000,1000,1000,1000,1000,1000,1000,1000,1000,1000,1000,1000,1000,1000,1000,1000,1000
1000,1000,1000,1000,1000,1000,1000,1000,1000,1000,1000,1000,1000,1007.64447499049,1500,1500,1500,1500,1509.66233188241,1917.21529855405,2000,2000,2000,2000,2000,1580.54867226881,1500,1530.7179645897,2000,2000,2000,2000,2000,1500,1500,1500,1500,1500,1500,1543.78499525429,2000,2000,2000,2000,2000,2000,2000,2000,1888.51271236364,1500,1500,1500,1500,1500,1500,1500,1857.04927992356,2000,2000,2000,1668.39233825728,1500,1500,1500,1500,1500,1500,1500,1499.82337422214,1085.63588622829,1000,1000,1000,1000,1000,1000,1000,1000,1000,1000,1000,1000,1000,1000,1000,1000,1000,1000,1000,1000,1000,1000,1000,1000,1000,1000,1000,1000,1000,1000
1000,1000,1000,1000,1000,1000,1000,1000,1000,1000,1000,1000,1000,1451.10838143383,1500,1500,1500,1500,1500,1522.63697459246,2000,2000,2000,2000,2000,1581.2492361064,1500,1504.93042389356,2000,2000,2000,2000,1999.54219113065,1502.44773455974,1500,1500,1500,1500,1500,1500,1568.75053401451,2000,2000,2000,2000,2000,2000,2000,1908.34651301848,1500,1500,1500,1500,1500,1500,1500,1788.09109261214,2000,2000,2000,1664.30232302091,1500,1500,1500,1247.09582854082,1196.19697605136,1202.29994654817,1377.71377529169,1079.32112641859,1000,1000,1000,1000,1000,1000,1000,1000,1000,1000,1000,1000,1000,1000,1000,1000,1000,1000,1000,1000,1000,1000,1000,1000,1000,1000,1000,1000,1000,1000,1000
1000,1000,1000,1000,1000,1000,1000,1000,1000,1000,1000,1000,1000,1093.72891830202,1500,1500,1500,1500,1500,1500,2000,2000,2000,2000,2000,1573.75261113097,1500,1514.06639481451,2000,2000,2000,2000,2000,1857.89425276172,1526.05706287567,1510.49306897608,1500,1500,1500,1500,1500,1580.09047310742,1999.92425218622,2000,2000,2000,2000,2000,1907.21404187524,1500,1500,1500,1500,1500,1500,1724.69330800472,2000,2000,2000,2000,1698.15437788928,1500,1500,1056.81525897257,1000,1000,1000,1000,1000,1000,1000,1000,1000,1000,1000,1000,1000,1000,1000,1000,1000,1000,1000,1000,1000,1000,1000,1000,1000,1000,1000,1000,1000,1000,1000,1000,1000,1000,1000,1000
1000,1000,1000,1000,1000,1000,1000,1000,1000,1000,1000,1000,1000,1091.48141144443,1500,1500,1500,1500,1500,1500,2000,2000,2000,2000,2000,1604.19622923244,1500,1542.49418666619,2000,2000,2000,2000,2000,2000,2000,2000,1840.02300805346,1500,1500,1500,1500,1500,1539.19408291324,1979.41167790513,2000,2000,2000,2000,1892.22324181674,1500,1500,1500,1500,1500,1500,1987.34120113752,2000,2000,2000,2000,1716.60960660374,1500,1499.34994573213,1000,1000,1000,1000,1000,1000,1000,1000,1000,1000,1000,1000,1000,1000,1000,1000,1000,1000,1000,1000,1000,1000,1000,1000,1000,1000,1000,1000,1000,1000,1000,1000,1000,1000,1000,1000,1000
1000,1000,1000,1000,1000,1000,1000,1000,1000,1000,1000,1000,1000,1147.62837984607,1500,1500,1500,1500,1500,1500,2000,2000,2000,2000,2000,1561.18596702427,1500,1520.72959894826,2000,2000,2000,2000,2000,2000,2000,2000,2000,1500,1500,1500,1500,1500,1500,1681.53315984511,2000,2000,2000,2000,1904.28352285775,1500,1500,1500,1500,1500,1500,1954.054360674,2000,2000,2000,1996.69246305485,1613.20130379074,1500,1500,1000,1000,1000,1000,1000,1000,1000,1000,1000,1000,1000,1000,1000,1000,1000,1000,1000,1000,1000,1000,1000,1000,1000,1000,1000,1000,1000,1000,1000,1000,1000,1000,1000,1000,1000,1000,1000
1000,1000,1000,1000,1000,1000,1000,1000,1000,1000,1000,1000,1000,1330.66622734867,1500,1500,1500,1969.93686681258,1796.02738953852,2000,2000,2000,2000,2000,2000,1524.45339789453,1500,1630.47041449664,2000,2000,2000,2000,2000,2000,2000,2000,1985.28343578892,1515.19157934046,1500,1500,1500,1500,1500,1601.90068579394,2000,2000,2000,2000,1892.20322495656,1500,1500,1500,1500,1500,1500,1973.03299410723,2000,2000,1992.7428584076,1595.88926757985,1500,1500,1499.96582225939,1005.49052234188,1000,1000,1000,1000,1000,1000,1000,1000,1000,1000,1000,1000,1000,1000,1000,1000,1000,1000,1000,1000,1000,1000,1000,1000,1000,1000,1000,1000,1000,1000,1000,1000,1000,1000,1000,1000
1000,1000,1000,1000,1000,1000,1000,1000,1000,1000,1000,1000,1000,1340.96499500605,1500,1500,1500,1950.81076731394,2000,2000,2000,2000,2000,2000,1573.31997818209,1500,1609.96905257216,1994.81878176338,2000,2000,2000,2000,2000,2000,2000,2000,2000,1500,1500,1500,1500,1500,1500,1798.78355077133,2000,2000,2000,2000,1917.56970969455,1500,1500,1500,1500,1500,1500,2000,1963.37246984443,1963.50396085376,1587.86341813488,1500,1500,1500,1500,1000,1000,1000,1000,1000,1000,1000,1000,1000,1000,1000,1000,1000,1000,1000,1000,1000,1000,1000,1000,1000,1000,1000,1000,1000,1000,1000,1000,1000,1000,1000,1000,1000,1000,1000,1000,1000
1000,1000,1000,1000,1000,1000,1000,1000,1000,1000,1000,1000,1000,1270.89160519935,1500,1500,1500,1840.13514749448,2000,2000,2000,2000,2000,1988.87937526829,1500,1500,1782.41781684172,2000,2000,2000,2000,2000,2000,2000,2000,2000,2000,1500.63918738318,1500,1500,1500,1500,1500,1500,1886.45179732244,2000,2000,2000,1853.22173668603,1500,1500,1500,1500,1500,1500,1500,1500,1500,1500,1500,1500,1500,1384.23784982022,1000,1000,1000,1000,1000,1000,1000,1000,1000,1000,1000,1000,1000,1000,1000,1000,1000,1000,1000,1000,1000,1000,1000,1000,1000,1000,1000,1000,1000,1000,1000,1000,1000,1000,1000,1000,1000
1000,1000,1000,1000,1000,1000,1000,1000,1000,1000,1000,1000,1000,1383.43234645972,1500,1500,1500,1632.24471815953,2000,2000,2000,2000,2000,2000,1500.85107331349,1500,1551.7863076173,1997.78204062849,2000,2000,2000,2000,2000,2000,2000,2000,1999.66161214188,1500,1500,1500,1500,1500,1500,1500,1500,2000,2000,2000,2000,1500,1500,1500,1500,1500,1500,1500,1500,1500,1500,1500,1500,1142.4952197468,1000,1000,1000,1000,1000,1000,1000,1000,1000,1000,1000,1000,1000,1000,1000,1000,1000,1000,1000,1000,1000,1000,1000,1000,1000,1000,1000,1000,1000,1000,1000,1000,1000,1000,1000,1000,1000,1000
1000,1000,1000,1000,1000,1000,1000,1000,1000,1000,1000,1000,1000,1355.52161357227,1500,1500,1500,1500,1553.07515834161,1989.36925555489,2000,2000,2000,1995.11946197405,1500,1500,1500,1520.43684984136,1999.77316679335,2000,2000,2000,2000,2000,2000,2000,1999.57769845957,1500,1500,1500,1500,1500,1500,1500,1500,2000,2000,2000,2000,2000,1500,1500,1500,1500,1500,1500,1500,1500,1500,1499.74717077035,1175.25433005643,1000,1000,1000,1000,1000,1000,1000,1000,1000,1000,1000,1000,1000,1000,1000,1000,1000,1000,1000,1000,1000,1000,1000,1000,1000,1000,1000,1000,1000,1000,1000,1000,1000,1000,1000,1000,1000,1000,1000
1000,1000,1000,1000,1000,1000,1000,1000,1000,1000,1000,1000,1000,1369.24642594428,1500,1500,1500,1500,1500,1529.61850447717,2000,2000,2000,1999.74797980543,1500,1500,1500,1500,1549.93131854368,1939.01896574481,1955.88706657629,2000,2000,2000,2000,2000,2000,2000,1500,1500,1500,1500,1500,1500,1500,1550.3065744959,2000,2000,2000,2000,1500,1500,1500,1500,1500,1500,1500,1500,1500,1144.72367307424,1000,1000,1000,1000,1000,1000,1000,1000,1000,1000,1000,1000,1000,1000,1000,1000,1000,1000,1000,1000,1000,1000,1000,1000,1000,1000,1000,1000,1000,1000,1000,1000,1000,1000,1000,1000,1000,1000,1000,1000
1000,1000,1000,1000,1000,1000,1000,1000,1000,1000,1000,1000,1000,1313.47503416101,1500,1500,1500,1500,1500,1500,1985.88954991857,2000,2000,2000,1868.67827462719,1500,1500,1500,1500,1500,1500,1655.86638494351,2000,2000,2000,2000,2000,2000,1542.01356974672,1500,1500,1500,1500,1500,1500,1500,2000,2000,2000,2000,1500,1500,1500,1500,1500,1499.37614465788,1500,1499.9275509709,1197.83953510039,1000,1000,1000,1000,1000,1000,1000,1000,1000,1000,1000,1000,1000,1000,1000,1000,1000,1000,1000,1000,1000,1000,1000,1000,1000,1000,1000,1000,1000,1000,1000,1000,1000,1000,1000,1000,1000,1000,1000,1000,1000
1000,1000,1000,1000,1000,1000,1000,1000,1000,1000,1000,1000,1000,1102.3202816683,1500,1500,1500,1500,1500,1500,2000,2000,2000,2000,2000,1847.10303275651,1500,1500,1500,1500,1500,1673.27134077848,2000,2000,2000,2000,2000,2000,1805.49846889566,1500,1500,1500,1500,1500,1500,1500,2000,2000,1520.20226329422,1515.6951869635,1500,1500,1500,1106.07805521894,1000,1031.69282909822,1000,1000.52665138902,1000,1000,1000,1000,1000,1000,1000,1000,1000,1000,1000,1000,1000,1000,1000,1000,1000,1000,1000,1000,1000,1000,1000,1000,1000,1000,1000,1000,1000,1000,1000,1000,1000,1000,1000,1000,1000,1000,1000,1000,1000,1000
1000,1000,1000,1000,1000,1000,1000,1000,1000,1000,1000,1000,1000,1133.60518631697,1500,1500,1500,1500,1500,1508.40890667575,1996.74716100171,2000,2000,2000,2000,2000,1934.26512124906,1892.983207114,1898.5929379574,1877.4053099337,1867.28998016773,2000,2000,2000,2000,2000,2000,2000,2000,1979.02410631684,1883.89107920321,1554.37027062526,1500,1500,1500,1500,1725.33019713736,1500,1500,1500,1500,1500,1242.64410409851,1000,1000,1000,1000,1000,1000,1000,1000,1000,1000,1000,1000,1000,1000,1000,1000,1000,1000,1000,1000,1000,1000,1000,1000,1000,1000,1000,1000,1000,1000,1000,1000,1000,1000,1000,1000,1000,1000,1000,1000,1000,1000,1000,1000,1000,1000,1000
1000,1000,1000,1000,1000,1000,1000,1000,1000,1000,1000,1000,1000,1097.97761560685,1500,1500,1500,1500,1500,1500,1992.28223022091,2000,2000,2000,2000,2000,2000,2000,2000,2000,2000,2000,2000,2000,2000,2000,2000,2000,2000,2000,2000,2000,1502.758469192,1500,1500,1500,1500,1500,1500,1500,1500,1500,1350.20659389713,1000,1000,1000,1000,1000,1000,1000,1000,1000,1000,1000,1000,1000,1000,1000,1000,1000,1000,1000,1000,1000,1000,1000,1000,1000,1000,1000,1000,1000,1000,1000,1000,1000,1000,1000,1000,1000,1000,1000,1000,1000,1000,1000,1000,1000,1000,1000
1000,1000,1000,1000,1000,1000,1000,1000,1000,1000,1000,1000,1000,1101.72210061673,1500,1500,1500,1500,1500,1500,2000,2000,2000,2000,2000,2000,2000,2000,2000,2000,2000,2000,2000,2000,2000,2000,2000,2000,2000,2000,2000,2000,1562.62708333034,1500,1500,1500,1500,1500,1487.53775176564,1494.82812914481,1500,1459.90101721414,1014.86781714805,1000,1000,1000,1000,1000,1000,1000,1000,1000,1000,1000,1000,1000,1000,1000,1000,1000,1000,1000,1000,1000,1000,1000,1000,1000,1000,1000,1000,1000,1000,1000,1000,1000,1000,1000,1000,1000,1000,1000,1000,1000,1000,1000,1000,1000,1000,1000
1000,1000,1000,1000,1000,1000,1000,1000,1000,1000,1000,1000,1000,1074.3358252938,1500,1500,1500,1500,1500,1500,1928.98432030999,2000,2000,2000,2000,2000,2000,2000,2000,2000,2000,2000,2000,2000,2000,2000,2000,2000,2000,2000,2000,1906.00278569703,1500,1500,1500,1080.60063501377,1000,1001.87290608749,1000,1000,1000,1000,1000,1000,1000,1000,1000,1000,1000,1000,1000,1000,1000,1000,1000,1000,1000,1000,1000,1000,1000,1000,1000,1000,1000,1000,1000,1000,1000,1000,1000,1000,1000,1000,1000,1000,1000,1000,1000,1000,1000,1000,1000,1000,1000,1000,1000,1000,1000,1000
1000,1000,1000,1000,1000,1000,1000,1000,1000,1000,1000,1000,1000,1082.79729162243,1500,1500,1500,1500,1500,1500,1500,1626.33747458174,2000,2000,2000,2000,2000,2000,2000,2000,2000,2000,2000,2000,2000,2000,2000,2000,1530.61143986077,1540.38153188965,1603.50359293827,1500,1500,1500,1500,1000,1000,1000,1000,1000,1000,1000,1000,1000,1000,1000,1000,1000,1000,1000,1000,1000,1000,1000,1000,1000,1000,1000,1000,1000,1000,1000,1000,1000,1000,1000,1000,1000,1000,1000,1000,1000,1000,1000,1000,1000,1000,1000,1000,1000,1000,1000,1000,1000,1000,1000,1000,1000,1000,1000
1000,1000,1000,1000,1000,1000,1000,1000,1000,1000,1000,1000,1000,1063.07393390899,1500,1500,1500,1500,1500,1500,1500,1500,1658.05670050097,1845.84470250782,1754.29199544086,1895.78253852783,2000,2000,2000,2000,2000,2000,2000,2000,1876.42481453958,1925.35280720581,1833.53635997995,1554.35300018642,1500,1500,1500,1500,1500,1500,1476.54875410999,1000,1000,1000,1000,1000,1000,1000,1000,1000,1000,1000,1000,1000,1000,1000,1000,1000,1000,1000,1000,1000,1000,1000,1000,1000,1000,1000,1000,1000,1000,1000,1000,1000,1000,1000,1000,1000,1000,1000,1000,1000,1000,1000,1000,1000,1000,1000,1000,1000,1000,1000,1000,1000,1000,1000
1000,1000,1000,1000,1000,1000,1000,1000,1000,1000,1000,1000,1000,1305.3986410598,1500,1500,1500,1500,1500,1500,1500,1500,1500,1500,1500,1500,1867.08502208377,1980.21612715499,1911.42007651022,1948.29045174194,1950.31041251439,1953.44283794152,1994.58879528598,1606.13967808311,1500,1500,1500,1500,1500,1500,1500,1500,1500,1439.8401965327,1000,1000,1000,1000,1000,1000,1000,1000,1000,1000,1000,1000,1000,1000,1000,1000,1000,1000,1000,1000,1000,1000,1000,1000,1000,1000,1000,1000,1000,1000,1000,1000,1000,1000,1000,1000,1000,1000,1000,1000,1000,1000,1000,1000,1000,1000,1000,1000,1000,1000,1000,1000,1000,1000,1000,1000
1000,1000,1000,1000,1000,1000,1000,1000,1000,1000,1000,1000,1000,1110.85804937545,1500,1500,1500,1500,1500,1500,1500,1500,1500,1500,1500,1500,1500,1500,1500,1500,1500,1500,1500,1500,1500,1500,1500,1500,1500,1500,1500,1500,1432.30928346813,1004.7332585795,1000,1000,1000,1000,1000,1000,1000,1000,1000,1000,1000,1000,1000,1000,1000,1000,1000,1000,1000,1000,1000,1000,1000,1000,1000,1000,1000,1000,1000,1000,1000,1000,1000,1000,1000,1000,1000,1000,1000,1000,1000,1000,1000,1000,1000,1000,1000,1000,1000,1000,1000,1000,1000,1000,1000,1000
1000,1000,1000,1000,1000,1000,1000,1000,1000,1000,1000,1000,1000,1221.9466024324,1500,1500,1500,1500,1093.43727720068,1000,1308.50779146237,1500,1500,1500,1500,1500,1500,1500,1500,1500,1500,1500,1500,1500,1500,1500,1500,1500,1500,1075.73414382347,1005.54511014539,1055.83724517582,1000,1000,1000,1000,1000,1000,1000,1000,1000,1000,1000,1000,1000,1000,1000,1000,1000,1000,1000,1000,1000,1000,1000,1000,1000,1000,1000,1000,1000,1000,1000,1000,1000,1000,1000,1000,1000,1000,1000,1000,1000,1000,1000,1000,1000,1000,1000,1000,1000,1000,1000,1000,1000,1000,1000,1000,1000,1000
1000,1000,1000,1000,1000,1000,1000,1000,1000,1000,1000,1000,1000,1070.53594446871,1077.6215039909,1131.32225062226,1244.81311667228,1158.09779555206,1000,1000,1000,1100.50893657975,1091.15227470876,1118.80257394335,1487.43105609714,1500,1500,1500,1500,1500,1500,1500,1500,1500,1500,1306.57031870935,1170.29124519474,1272.96972617153,1054.89993645716,1000,1000,1000,1000,1000,1000,1000,1000,1000,1000,1000,1000,1000,1000,1000,1000,1000,1000,1000,1000,1000,1000,1000,1000,1000,1000,1000,1000,1000,1000,1000,1000,1000,1000,1000,1000,1000,1000,1000,1000,1000,1000,1000,1000,1000,1000,1000,1000,1000,1000,1000,1000,1000,1000,1000,1000,1000,1000,1000,1000,1000
1000,1000,1000,1000,1000,1000,1000,1000,1000,1000,1000,1000,1000,1000,1000,1000,1000,1000,1000,1000,1000,1000,1000,1000,1052.82242871813,1500,1473.02363997242,1456.83382265017,1429.78585363723,1439.2022028217,1444.91116864057,1429.4355684273,1417.05829622535,1444.26656017359,1338.96212551314,1000,1000,1000,1000,1000,1000,1000,1000,1000,1000,1000,1000,1000,1000,1000,1000,1000,1000,1000,1000,1000,1000,1000,1000,1000,1000,1000,1000,1000,1000,1000,1000,1000,1000,1000,1000,1000,1000,1000,1000,1000,1000,1000,1000,1000,1000,1000,1000,1000,1000,1000,1000,1000,1000,1000,1000,1000,1000,1000,1000,1000,1000,1000,1000,1000
1000,1000,1000,1000,1000,1000,1000,1000,1000,1000,1000,1000,1000,1000,1000,1000,1000,1000,1000,1000,1000,1000,1000,1000,1000,1000,1000,1000,1000,1000,1000,1000,1000,1000,1000,1000,1000,1000,1000,1000,1000,1000,1000,1000,1000,1000,1000,1000,1000,1000,1000,1000,1000,1000,1000,1000,1000,1000,1000,1000,1000,1000,1000,1000,1000,1000,1000,1000,1000,1000,1000,1000,1000,1000,1000,1000,1000,1000,1000,1000,1000,1000,1000,1000,1000,1000,1000,1000,1000,1000,1000,1000,1000,1000,1000,1000,1000,1000,1000,1000
1000,1000,1000,1000,1000,1000,1000,1000,1000,1000,1000,1000,1000,1000,1000,1000,1000,1000,1000,1000,1000,1000,1000,1000,1000,1000,1000,1000,1000,1000,1000,1000,1000,1000,1000,1000,1000,1000,1000,1000,1000,1000,1000,1000,1000,1000,1000,1000,1000,1000,1000,1000,1000,1000,1000,1000,1000,1000,1000,1000,1000,1000,1000,1000,1000,1000,1000,1000,1000,1000,1000,1000,1000,1000,1000,1000,1000,1000,1000,1000,1000,1000,1000,1000,1000,1000,1000,1000,1000,1000,1000,1000,1000,1000,1000,1000,1000,1000,1000,1000
1000,1000,1000,1000,1000,1000,1000,1000,1000,1000,1000,1000,1000,1000,1000,1000,1000,1000,1000,1000,1000,1000,1000,1000,1000,1000,1000,1000,1000,1000,1000,1000,1000,1000,1000,1000,1000,1000,1000,1000,1000,1000,1000,1000,1000,1000,1000,1000,1000,1000,1000,1000,1000,1000,1000,1000,1000,1000,1000,1000,1000,1000,1000,1000,1000,1000,1000,1000,1000,1000,1000,1000,1000,1000,1000,1000,1000,1000,1000,1000,1000,1000,1000,1000,1000,1000,1000,1000,1000,1000,1000,1000,1000,1000,1000,1000,1000,1000,1000,1000
1000,1000,1000,1000,1000,1000,1000,1000,1000,1000,1000,1000,1000,1000,1000,1000,1000,1000,1000,1000,1000,1000,1000,1000,1000,1000,1000,1000,1000,1000,1000,1000,1000,1000,1000,1000,1000,1000,1000,1000,1000,1000,1000,1000,1000,1000,1000,1000,1000,1000,1000,1000,1000,1000,1000,1000,1000,1000,1000,1000,1000,1000,1000,1000,1000,1000,1000,1000,1000,1000,1000,1000,1000,1000,1000,1000,1000,1000,1000,1000,1000,1000,1000,1000,1000,1000,1000,1000,1000,1000,1000,1000,1000,1000,1000,1000,1000,1000,1000,1000
1000,1000,1000,1000,1000,1000,1000,1000,1000,1000,1000,1000,1000,1000,1000,1000,1000,1000,1000,1000,1000,1000,1000,1000,1000,1000,1000,1000,1000,1000,1000,1000,1000,1000,1000,1000,1000,1000,1000,1000,1000,1000,1000,1000,1000,1000,1000,1000,1000,1000,1000,1000,1000,1000,1000,1000,1000,1000,1000,1000,1000,1000,1000,1000,1000,1000,1000,1000,1000,1000,1000,1000,1000,1000,1000,1000,1000,1000,1000,1000,1000,1000,1000,1000,1000,1000,1000,1000,1000,1000,1000,1000,1000,1000,1000,1000,1000,1000,1000,1000
1000,1000,1000,1000,1000,1000,1000,1000,1000,1000,1000,1000,1000,1000,1000,1000,1000,1000,1000,1000,1000,1000,1000,1000,1000,1000,1000,1000,1000,1000,1000,1000,1000,1000,1000,1000,1000,1000,1000,1000,1000,1000,1000,1000,1000,1000,1000,1000,1000,1000,1000,1000,1000,1000,1000,1000,1000,1000,1000,1000,1000,1000,1000,1000,1000,1000,1000,1000,1000,1000,1000,1000,1000,1000,1000,1000,1000,1000,1000,1000,1000,1000,1000,1000,1000,1000,1000,1000,1000,1000,1000,1000,1000,1000,1000,1000,1000,1000,1000,1000
1000,1000,1000,1000,1000,1000,1000,1000,1000,1000,1000,1000,1000,1000,1000,1000,1000,1000,1000,1000,1000,1000,1000,1000,1000,1000,1000,1000,1000,1000,1000,1000,1000,1000,1000,1000,1000,1000,1000,1000,1000,1000,1000,1000,1000,1000,1000,1000,1000,1000,1000,1000,1000,1000,1000,1000,1000,1000,1000,1000,1000,1000,1000,1000,1000,1000,1000,1000,1000,1000,1000,1000,1000,1000,1000,1000,1000,1000,1000,1000,1000,1000,1000,1000,1000,1000,1000,1000,1000,1000,1000,1000,1000,1000,1000,1000,1000,1000,1000,1000
1000,1000,1000,1000,1000,1000,1000,1000,1000,1000,1000,1000,1000,1000,1000,1000,1000,1000,1000,1000,1000,1000,1000,1000,1000,1000,1000,1000,1000,1000,1000,1000,1000,1000,1000,1000,1000,1000,1000,1000,1000,1000,1000,1000,1000,1000,1000,1000,1000,1000,1000,1000,1000,1000,1000,1000,1000,1000,1000,1000,1000,1000,1000,1000,1000,1000,1000,1000,1000,1000,1000,1000,1000,1000,1000,1000,1000,1000,1000,1000,1000,1000,1000,1000,1000,1000,1000,1000,1000,1000,1000,1000,1000,1000,1000,1000,1000,1000,1000,1000
1000,1000,1000,1000,1000,1000,1000,1000,1000,1000,1000,1000,1000,1000,1000,1000,1000,1000,1000,1000,1000,1000,1000,1000,1000,1000,1000,1000,1000,1000,1000,1000,1000,1000,1000,1000,1000,1000,1000,1000,1000,1000,1000,1000,1000,1000,1000,1000,1000,1000,1000,1000,1000,1000,1000,1000,1000,1000,1000,1000,1000,1000,1000,1000,1000,1000,1000,1000,1000,1000,1000,1000,1000,1000,1000,1000,1000,1000,1000,1000,1000,1000,1000,1000,1000,1000,1000,1000,1000,1000,1000,1000,1000,1000,1000,1000,1000,1000,1000,1000
1000,1000,1000,1000,1000,1000,1000,1000,1000,1000,1000,1000,1000,1000,1000,1000,1000,1000,1000,1000,1000,1000,1000,1000,1000,1000,1000,1000,1000,1000,1000,1000,1000,1000,1000,1000,1000,1000,1000,1000,1000,1000,1000,1000,1000,1000,1000,1000,1000,1000,1000,1000,1000,1000,1000,1000,1000,1000,1000,1000,1000,1000,1000,1000,1000,1000,1000,1000,1000,1000,1000,1000,1000,1000,1000,1000,1000,1000,1000,1000,1000,1000,1000,1000,1000,1000,1000,1000,1000,1000,1000,1000,1000,1000,1000,1000,1000,1000,1000,1000
1000,1000,1000,1000,1000,1000,1000,1000,1000,1000,1000,1000,1000,1000,1000,1000,1000,1000,1000,1000,1000,1000,1000,1000,1000,1000,1000,1000,1000,1000,1000,1000,1000,1000,1000,1000,1000,1000,1000,1000,1000,1000,1000,1000,1000,1000,1000,1000,1000,1000,1000,1000,1000,1000,1000,1000,1000,1000,1000,1000,1000,1000,1000,1000,1000,1000,1000,1000,1000,1000,1000,1000,1000,1000,1000,1000,1000,1000,1000,1000,1000,1000,1000,1000,1000,1000,1000,1000,1000,1000,1000,1000,1000,1000,1000,1000,1000,1000,1000,1000
1000,1000,1000,1000,1000,1000,1000,1000,1000,1000,1000,1000,1000,1000,1000,1000,1000,1000,1000,1000,1000,1000,1000,1000,1000,1000,1000,1000,1000,1000,1000,1000,1000,1000,1000,1000,1000,1000,1000,1000,1000,1000,1000,1000,1000,1000,1000,1000,1000,1000,1000,1000,1000,1000,1000,1000,1000,1000,1000,1000,1000,1000,1000,1000,1000,1000,1000,1000,1000,1000,1000,1000,1000,1000,1000,1000,1000,1000,1000,1000,1000,1000,1000,1000,1000,1000,1000,1000,1000,1000,1000,1000,1000,1000,1000,1000,1000,1000,1000,1000
