5000,5000,5000,5000,5000,5000,5000,5000,5000,5000,5000,5000,5000,5000,5000,5000,5000,5000,5000,5000,5000,5000,5000,5000,5000,5000,5000,5000,5000,5000,5000,5000,5000,5000,5000,5000,5000,5000,5000,5000,5000,5000,5000,5000,5000,5000,5000,5000,5000,5000,5000,5000,5000,5000,5000,5000,5000,5000,5000,5000,5000,5000,5000,5000,5000,5000,5000,5000,5000,5000,5000,5000,5000,5000,5000,5000,5000,5000,5000,5000,5000,5000,5000,5000,5000,5000,5000,5000,5000,5000,5000,5000,5000,5000,5000,5000,5000,5000,5000,5000
5000,5000,5000,5000,5000,5000,5000,5000,5000,5000,5000,5000,5000,5000,5000,5000,5000,5000,5000,5000,5000,5000,5000,5000,5000,5000,5000,5000,5000,5000,5000,5000,5000,5000,5000,5000,5000,5000,5000,5000,5000,5000,5000,5000,5000,5000,5000,5000,5000,5000,5000,5000,5000,5000,5000,5000,5000,5000,5000,5000,5000,5000,5000,5000,5000,5000,5000,5000,5000,5000,5000,5000,5000,5000,5000,5000,5000,5000,5000,5000,5000,5000,5000,5000,5000,5000,5000,5000,5000,5000,5000,5000,5000,5000,5000,5000,5000,5000,5000,5000
5000,5000,5000,5000,5000,5000,5000,5000,5000,5000,5000,5000,5000,5000,5000,5000,5000,5000,5000,5000,5000,5000,5000,5000,5000,5000,5000,5000,5000,5000,5000,5000,5000,5000,5000,5000,5000,5000,5000,5000,5000,5000,5000,5000,5000,5000,5000,5000,5000,5000,5000,5000,5000,5000,5000,5000,5000,5000,5000,5000,5000,5000,5000,5000,5000,5000,5000,5000,5000,5000,5000,5000,5000,5000,5000,5000,5000,5000,5000,5000,5000,5000,5000,5000,5000,5000,5000,5000,5000,5000,5000,5000,5000,5000,5000,5000,5000,5000,5000,5000
5000,5000,5000,5000,5000,5000,5000,5000,5000,5000,5000,5000,5000,5000,5000,5000,5000,5000,5000,5000,5000,5000,5000,5000,5000,5000,5000,5000,5000,5000,5000,5000,5000,5000,5000,5000,5000,5000,5000,5000,5000,5000,5000,5000,5000,5000,5000,5000,5000,5000,5000,5000,5000,5000,5000,5000,5000,5000,5000,5000,5000,5000,5000,5000,5000,5000,5000,5000,5000,5000,5000,5000,5000,5000,5000,5000,5000,5000,5000,5000,5000,5000,5000,5000,5000,5000,5000,5000,5000,5000,5000,5000,5000,5000,5000,5000,5000,5000,5000,5000
5000,5000,5000,5000,5000,5000,5000,5000,5000,5000,5000,5000,5000,5000,5000,5000,5000,5000,5000,5000,5000,5000,5000,5000,5000,5000,5000,5000,5000,5000,5000,5000,5000,5000,5000,5000,5000,5000,5000,5000,5000,5000,5000,5000,5000,5000,5000,5000,5000,5000,5000,5000,5000,5000,5000,5000,5000,5000,5000,5000,5000,5000,5000,5000,5000,5000,5000,5000,5000,5000,5000,5000,5000,5000,5000,5000,5000,5000,5000,5000,5000,5000,5000,5000,5000,5000,5000,5000,5000,5000,5000,5000,5000,5000,5000,5000,5000,5000,5000,5000
5000,5000,5000,5000,5000,5000,5000,5000,5000,5000,5000,5000,5000,5000,5000,5000,5000,5000,5000,5000,5000,5000,5000,5000,5000,5000,5000,5000,5000,5000,5000,5000,5000,5000,5000,5000,5000,5000,5000,5000,5000,5000,5000,5000,5000,5000,5000,5000,5000,5000,5000,5000,5000,5000,5000,5000,5000,5000,5000,5000,5000,5000,5000,5000,5000,5000,5000,5000,5000,5000,5000,5000,5000,5000,5000,5000,5000,5000,5000,5000,5000,5000,5000,5000,5000,5000,5000,5000,5000,5000,5000,5000,5000,5000,5000,5000,5000,5000,5000,5000
5000,5000,5000,5000,5000,5000,5000,5000,5000,5000,5000,5000,5000,5000,5000,5000,5000,5000,5000,5000,5000,5000,5000,5000,5000,5000,5000,5000,5000,5000,5000,5000,5000,5000,5000,5000,5000,5000,5000,5000,5000,5000,5000,5000,5000,5000,5000,5000,5000,5000,5000,5000,5000,5000,5000,5000,5000,5000,5000,5000,5000,5000,5000,5000,5000,5000,5000,5000,5000,5000,5000,5000,5000,5000,5000,5000,5000,5000,5000,5000,5000,5000,5000,5000,5000,5000,5000,5000,5000,5000,5000,5000,5000,5000,5000,5000,5000,5000,5000,5000
5000,5000,5000,5000,5000,5000,5000,5000,5000,5000,5000,5000,5000,5000,5000,5000,5000,5000,5000,5000,5000,5000,5000,5000,5000,5000,5000,5000,5000,5000,5000,5000,5000,5000,5000,5000,5000,5000,5000,5000,5000,5000,5000,5000,5000,5000,5000,5000,5000,5000,5000,5000,5000,5000,5000,5000,5000,5000,5000,5000,5000,5000,5000,5000,5000,5000,5000,5000,5000,5000,5000,5000,5000,5000,5000,5000,5000,5000,5000,5000,5000,5000,5000,5000,5000,5000,5000,5000,5000,5000,5000,5000,5000,5000,5000,5000,5000,5000,5000,5000
5000,5000,5000,5000,5000,5000,5000,5000,5000,5000,5000,5000,5000,5000,5000,5000,5000,5000,5000,5000,5000,5000,5000,5000,5000,5000,5000,5000,5000,5000,5000,5000,5000,5000,5000,5000,5000,5000,5000,5000,5000,5000,5000,5000,5000,5000,5000,5000,5000,5000,5000,5000,5000,5000,5000,5000,5000,5000,5000,5000,5000,5000,5000,5000,5000,5000,5000,5000,5000,5000,5000,5000,5000,5000,5000,5000,5000,5000,5000,5000,5000,5000,5000,5000,5000,5000,5000,5000,5000,5000,5000,5000,5000,5000,5000,5000,5000,5000,5000,5000
5000,5000,5000,5000,5000,5000,5000,5000,5000,5000,5000,5000,5000,5000,5000,5000,5000,5000,5000,5000,5000,5000,5000,5000,5000,5000,5000,5000,5000,5000,5000,5000,5000,5000,5000,5000,5000,5000,5000,5000,5000,5000,5000,5000,5000,5000,5000,5000,5000,5000,5000,5000,5000,5000,5000,5000,5000,5000,5000,5000,5000,5000,5000,5000,5000,5000,5000,5000,5000,5000,5000,5000,5000,5000,5000,5000,5000,5000,5000,5000,5000,5000,5000,5000,5000,5000,5000,5000,5000,5000,5000,5000,5000,5000,5000,5000,5000,5000,5000,5000
5000,5000,5000,5000,5000,5000,5000,5000,5000,5000,5000,5000,5000,5000,5000,5000,5000,5000,5000,5000,5000,5000,5000,5000,5000,5000,5000,5000,5000,5000,5000,5000,5000,5000,5000,5000,5000,5000,5000,5000,5000,5000,5000,5000,5000,5000,5000,5000,5000,5000,5000,5000,5000,5000,5000,5000,5000,5000,5000,5000,5000,5000,5000,5000,5000,5000,5000,5000,5000,5000,5000,5000,5000,5000,5000,5000,5000,5000,5000,5000,5000,5000,5000,5000,5000,5000,5000,5000,5000,5000,5000,5000,5000,5000,5000,5000,5000,5000,5000,5000
5000,5000,5000,5000,5000,5000,5000,5000,5000,5000,5000,5000,5000,5000,5000,5000,5000,5000,5000,5000,5000,5000,5000,5000,5000,5000,5000,5000,5000,5000,5000,5000,5000,5000,5000,5000,5000,5000,5000,5000,5000,5000,5000,5000,5000,5000,5000,5000,5000,5000,5000,5000,5000,5000,5000,5000,5000,5000,5000,5000,5000,5000,5000,5000,5000,5000,5000,5000,5000,5000,5000,5000,5000,5000,5000,5000,5000,5000,5000,5000,5000,5000,5000,5000,5000,5000,5000,5000,5000,5000,5000,5000,5000,5000,5000,5000,5000,5000,5000,5000
5000,5000,5000,5000,5000,5000,5000,5000,5000,5000,5000,5000,5000,5000,5000,5000,5000,5000,5000,5000,5000,5000,5000,5000,5000,5000,5000,5000,5000,5000,5000,5000,5000,5000,5000,5000,5000,5000,5000,5000,5000,5000,5000,5000,5000,5000,5000,5000,5000,5000,5000,5000,5000,5000,5000,5000,5000,5000,5000,5000,5000,5000,5000,5000,5000,5000,5000,5000,5000,5000,5000,5000,5000,5000,5000,5000,5000,5000,2599.59327413351,1500,4532.85286075229,5000,5000,5000,5000,5000,5000,5000,5000,5000,5000,5000,5000,5000,5000,5000,5000,5000,5000,5000
5000,5000,5000,5000,5000,5000,5000,5000,5000,5000,5000,5000,5000,5000,5000,5000,5000,5000,5000,5000,5000,5000,5000,5000,5000,5000,5000,5000,5000,5000,5000,5000,5000,5000,5000,5000,5000,5000,5000,5000,5000,5000,5000,5000,5000,5000,5000,5000,5000,5000,5000,5000,5000,5000,5000,5000,5000,5000,5000,5000,5000,5000,5000,5000,5000,5000,5000,5000,5000,5000,5000,5000,5000,5000,5000,5000,2706.56904383285,3136.47304431677,1500,1500,1500,4128.46096508776,5000,5000,5000,5000,5000,5000,5000,5000,5000,5000,5000,5000,5000,5000,5000,5000,5000,5000
5000,5000,5000,5000,5000,5000,5000,5000,5000,5000,5000,5000,5000,5000,5000,5000,5000,5000,5000,5000,5000,5000,5000,5000,5000,5000,5000,5000,5000,5000,5000,5000,5000,5000,5000,5000,5000,5000,5000,5000,5000,5000,5000,5000,5000,5000,5000,5000,5000,5000,5000,5000,5000,5000,5000,5000,5000,5000,5000,5000,5000,5000,5000,5000,5000,5000,5000,5000,5000,5000,5000,5000,4999.11187389429,5000,4940.00242821362,1500,1500,1500,1500,1500,1500,1500,4418.11247503248,5000,5000,5000,5000,5000,5000,5000,5000,5000,5000,5000,5000,5000,5000,5000,5000,5000
5000,5000,5000,5000,5000,5000,5000,5000,5000,5000,5000,5000,5000,5000,5000,5000,5000,5000,5000,5000,5000,5000,5000,5000,5000,5000,5000,5000,5000,5000,5000,5000,5000,5000,5000,5000,5000,5000,5000,5000,5000,5000,5000,5000,5000,5000,5000,5000,5000,5000,5000,5000,5000,5000,5000,5000,5000,5000,5000,5000,5000,5000,5000,5000,5000,5000,5000,5000,5000,5000,5000,3997.43632576989,1500,1500,1500,1500,1500,1500,1500,1500,1500,1500,1748.1850842904,5000,5000,5000,5000,5000,5000,5000,5000,5000,5000,5000,5000,5000,5000,5000,5000,5000
5000,5000,5000,5000,5000,5000,5000,5000,5000,5000,5000,5000,5000,5000,5000,5000,5000,5000,5000,5000,5000,5000,5000,5000,5000,5000,5000,5000,5000,5000,5000,5000,5000,5000,5000,5000,5000,5000,5000,5000,5000,5000,5000,5000,5000,5000,5000,5000,5000,5000,5000,5000,5000,5000,5000,5000,5000,5000,5000,5000,5000,5000,5000,5000,5000,5000,5000,5000,5000,1767.30358345716,1500,1500,1500,1500,1500,1500,1500,1500,1500,1500,1500,1500,1970.44074518732,5000,5000,5000,5000,5000,5000,5000,5000,5000,5000,5000,5000,5000,5000,5000,5000,5000
5000,5000,5000,5000,5000,5000,5000,5000,5000,5000,5000,5000,5000,5000,5000,5000,5000,5000,5000,5000,5000,5000,5000,5000,5000,5000,5000,5000,5000,5000,5000,5000,5000,5000,5000,5000,5000,5000,5000,5000,5000,5000,5000,5000,5000,5000,5000,5000,5000,5000,5000,5000,5000,5000,5000,5000,5000,5000,5000,5000,5000,5000,5000,5000,5000,5000,4970.35448231308,4075.27382724212,1882.14989550769,1500,1500,1500,1500,1500,1500,1500,1500,1500,1500,2047.63389947457,4089.93014335692,2093.56496444728,3288.92675686153,5000,5000,5000,5000,5000,5000,5000,5000,5000,5000,5000,5000,5000,5000,5000,5000,5000
5000,5000,5000,5000,5000,5000,5000,5000,5000,5000,5000,5000,5000,5000,5000,5000,5000,5000,5000,5000,5000,5000,5000,5000,5000,5000,5000,5000,5000,5000,5000,5000,5000,5000,5000,5000,5000,5000,5000,5000,5000,5000,5000,5000,5000,5000,5000,5000,5000,5000,5000,5000,5000,5000,5000,5000,5000,5000,5000,5000,5000,5000,5000,4614.66361352162,4656.59909774477,4760.22219263602,1500,1500,1500,1500,1500,1500,1500,1500,1500,1500,1500,1500,1895.13707307552,5000,5000,5000,5000,5000,5000,5000,5000,5000,5000,5000,5000,5000,5000,5000,5000,5000,5000,5000,5000,5000
5000,5000,5000,5000,5000,5000,5000,5000,5000,5000,5000,5000,5000,5000,5000,5000,5000,5000,5000,5000,5000,5000,5000,5000,5000,5000,5000,5000,5000,5000,5000,5000,5000,5000,5000,5000,5000,5000,5000,5000,5000,5000,5000,5000,5000,5000,5000,5000,5000,5000,5000,5000,5000,5000,5000,5000,5000,5000,5000,5000,5000,5000,2547.97645993343,1500,1500,1500,1500,1500,1500,1500,1500,1500,1500,1500,1500,1500,1500,1500,1500,5000,5000,5000,5000,5000,5000,5000,5000,5000,5000,5000,5000,5000,5000,5000,5000,5000,5000,5000,5000,5000
5000,5000,5000,5000,5000,5000,5000,5000,5000,5000,5000,5000,5000,5000,5000,5000,5000,5000,5000,5000,5000,5000,5000,5000,5000,5000,5000,5000,5000,5000,5000,5000,5000,5000,5000,5000,5000,5000,5000,5000,5000,5000,5000,5000,5000,5000,5000,5000,5000,5000,5000,5000,5000,5000,5000,5000,5000,5000,5000,5000,1500,1500,1500,1500,1500,1500,1500,1500,1500,1500,1500,1500,1500,1500,1500,1500,1500,1500,1500,1500,1534.35420753281,1545.31587370581,1500,1500,1500,5000,5000,5000,5000,5000,5000,5000,5000,5000,5000,5000,5000,5000,5000,5000
5000,5000,5000,5000,5000,5000,5000,5000,5000,5000,5000,5000,5000,5000,5000,5000,5000,5000,5000,5000,5000,5000,5000,5000,5000,5000,5000,5000,5000,5000,5000,5000,5000,5000,5000,5000,5000,5000,5000,5000,5000,5000,5000,5000,5000,5000,5000,5000,5000,5000,5000,5000,5000,5000,5000,5000,5000,3384.36307159639,2564.56390879185,1500,1500,1500,1500,1500,1500,1500,1500,1500,1500,1500,1500,1500,1500,1500,1500,1500,1500,1500,1500,1500,1500,1500,1500,1500,1500,5000,5000,5000,5000,5000,5000,5000,5000,5000,5000,5000,5000,5000,5000,5000
5000,5000,5000,5000,5000,5000,5000,5000,5000,5000,5000,5000,5000,5000,5000,5000,5000,5000,5000,5000,5000,5000,5000,5000,5000,5000,5000,5000,5000,5000,5000,5000,5000,5000,5000,5000,5000,5000,5000,5000,5000,5000,5000,5000,5000,5000,5000,5000,5000,5000,5000,5000,5000,5000,5000,4763.60623532067,4127.01377011227,1500,1500,1500,1500,1500,1500,1500,1500,1500,1500,1500,1500,1500,1500,1500,1500,1500,1500,1500,1500,1500,1500,1500,1500,1500,1500,1500,1500,4991.77354375463,5000,5000,5000,5000,5000,5000,5000,5000,5000,5000,5000,5000,5000,5000
5000,5000,5000,5000,5000,5000,5000,5000,5000,5000,5000,5000,5000,5000,5000,5000,5000,5000,5000,5000,5000,5000,5000,5000,5000,5000,5000,5000,5000,5000,5000,5000,5000,5000,5000,5000,5000,5000,5000,5000,5000,5000,5000,5000,5000,5000,5000,5000,5000,5000,5000,5000,5000,5000,2984.51972343987,1500,1500,1500,1500,1500,1500,1500,1500,1500,1500,1500,1500,1500,1500,1500,1500,1500,1500,1500,1500,1500,1500,1500,1500,1500,1500,1500,1500,1500,1500,4891.95924016787,5000,5000,5000,5000,5000,5000,5000,5000,5000,5000,5000,5000,5000,5000
5000,5000,5000,5000,5000,5000,5000,5000,5000,5000,5000,5000,5000,5000,5000,5000,5000,5000,5000,5000,5000,5000,5000,5000,5000,5000,5000,5000,5000,5000,5000,5000,5000,5000,5000,5000,5000,5000,5000,5000,5000,5000,5000,5000,5000,5000,5000,5000,5000,5000,5000,5000,1515.76374225228,1500,1500,1500,1500,1500,1500,1500,1500,1500,1500,1500,1500,1500,1500,1500,1500,1500,1500,1500,1500,1500,1500,1500,1500,1500,1500,1500,1500,1500,1500,1500,1500,4786.13270306676,5000,5000,5000,5000,5000,5000,5000,5000,5000,5000,5000,5000,5000,5000
5000,5000,5000,5000,5000,5000,5000,5000,5000,5000,5000,5000,5000,5000,5000,5000,5000,5000,5000,5000,5000,5000,5000,5000,5000,5000,5000,5000,5000,5000,5000,5000,5000,5000,5000,5000,5000,5000,5000,5000,5000,5000,5000,5000,5000,5000,5000,5000,5000,4523.74857635601,1931.48133685566,1500,1500,1500,1500,1500,1500,1500,1500,1500,1500,1500,1500,1500,1500,1500,1935.20326318923,1903.78488012972,1960.06837608108,1915.86954124064,1500,1500,1500,1500,1500,1500,1500,1500,1500,1500,1500,1500,1500,1500,1502.73713523462,4983.41857376159,5000,5000,5000,5000,5000,5000,5000,5000,5000,5000,5000,5000,5000,5000
5000,5000,5000,5000,5000,5000,5000,5000,5000,5000,5000,5000,5000,5000,5000,5000,5000,5000,5000,5000,5000,5000,5000,5000,5000,5000,5000,5000,5000,5000,5000,5000,5000,5000,5000,5000,5000,5000,5000,5000,5000,5000,5000,5000,5000,4176.27670795695,4026.2195208652,4022.70666063229,4113.3997059459,1500,1500,1500,1500,1500,1500,1500,1500,1500,1500,1500,1500,1500,1500,1500,1500,1671.69208720538,2000,2000,2000,2000,1863.41880445749,1563.54480959115,1749.54282343479,1623.72295161183,1500,1500,1500,1500,1500,1500,1500,1500,1500,1786.70796384191,4761.36129340118,5000,5000,5000,5000,5000,5000,5000,5000,5000,5000,5000,5000,5000,5000,5000
5000,5000,5000,5000,5000,5000,5000,5000,5000,5000,5000,5000,5000,5000,5000,5000,5000,5000,5000,5000,5000,5000,5000,5000,5000,5000,5000,5000,5000,5000,5000,5000,5000,5000,5000,5000,5000,5000,5000,5000,5000,5000,5000,4893.49742838766,1502.21017700166,1500,1500,1500,1500,1500,1500,1500,1500,1500,1500,1500,1500,1500,1500,1500,1500,1500,1500,1500,1500,1771.49745176133,2000,2000,2000,2000,2000,2000,2000,2000,1668.87676464673,1500,1500,1500,1500,1500,1775.49429482913,1505.44673678064,1500,4864.20870430269,5000,5000,5000,5000,5000,5000,5000,5000,5000,5000,5000,5000,5000,5000,5000,5000
5000,5000,5000,5000,5000,5000,5000,5000,5000,5000,5000,5000,5000,5000,5000,5000,5000,5000,5000,5000,5000,5000,5000,5000,5000,5000,5000,5000,5000,5000,5000,5000,5000,5000,5000,5000,5000,5000,5000,5000,5000,2822.9980446465,1500,1500,1500,1500,1500,1500,1500,1500,1500,1500,1500,1500,1500,1500,1500,1500,1500,1500,1500,1500,1500,1500,1500,1596.54515804389,2000,2000,2000,2000,2000,2000,2000,2000,1950.70196532255,1500,1500,1500,1500,4694.24746438523,5000,5000,5000,5000,5000,5000,5000,5000,5000,5000,5000,5000,5000,5000,5000,5000,5000,5000,5000,5000
5000,5000,5000,5000,5000,5000,5000,5000,5000,5000,5000,5000,5000,5000,5000,5000,5000,5000,5000,5000,5000,5000,5000,5000,5000,5000,5000,5000,5000,5000,5000,5000,5000,5000,5000,5000,5000,5000,5000,5000,3984.52923727332,1500,1500,1500,1500,1500,1500,1500,1500,1500,1500,1500,1500,1500,1500,1500,1500,1509.88652355234,2000,2000,1655.01535050343,1500,1500,1500,1500,1652.43061445741,2000,2000,2000,2000,2000,2000,2000,2000,1878.72516498246,1500,1500,1500,2106.22264342525,5000,5000,5000,5000,5000,5000,5000,5000,5000,5000,5000,5000,5000,5000,5000,5000,5000,5000,5000,5000,5000
5000,5000,5000,5000,5000,5000,5000,5000,5000,5000,5000,5000,5000,5000,5000,5000,5000,5000,5000,5000,5000,5000,5000,5000,5000,5000,5000,5000,5000,5000,5000,5000,5000,5000,5000,5000,5000,5000,3817.83821710783,2598.17221309957,1500,1500,1500,1500,1500,1500,1500,1603.40681835758,1645.77091652989,1695.70826136065,1734.43860582439,1664.13487392354,1500,1500,1500,1500,1500,1500.37908469084,2000,2000,1591.83514399168,1500,1500,1500,1811.63100363873,2000,2000,2000,2000,2000,1970.62911581643,1772.11629684652,1849.20744158113,1661.15778264786,1500,1500,1500,1500,2470.39352450565,5000,5000,5000,5000,5000,5000,5000,5000,5000,5000,5000,5000,5000,5000,5000,5000,5000,5000,5000,5000,5000
5000,5000,5000,5000,5000,5000,5000,5000,5000,5000,5000,5000,5000,5000,5000,5000,5000,5000,5000,5000,5000,5000,5000,5000,5000,5000,5000,5000,5000,5000,5000,5000,5000,5000,5000,5000,5000,2225.98613339544,1500,1500,1500,1500,1500,1500,1556.41626864445,1533.25948288728,1754.69267042216,2000,2000,2000,2000,2000,1729.62030365301,1500,1500,1500,1520.3599892906,1984.37392791044,2000,2000,2000,1508.9018298652,1500,1776.61064902047,2000,2000,2000,2000,1984.14461582179,2000,1500,1500,1500,1500,1500,1500,1500,1500,2167.68391287946,5000,5000,5000,5000,5000,5000,5000,5000,5000,5000,5000,5000,5000,5000,5000,5000,5000,5000,5000,5000,5000
5000,5000,5000,5000,5000,5000,5000,5000,5000,5000,5000,5000,5000,5000,5000,5000,5000,5000,5000,5000,5000,5000,5000,5000,5000,5000,5000,5000,5000,5000,5000,5000,5000,5000,5000,1500,1500,1500,1500,1500,1500,1500,1500,1543.59133027494,1977.26295585889,2000,2000,2000,2000,2000,2000,2000,2000,1581.98117127295,1500,1511.84866042138,1987.62528664897,2000,2000,2000,2000,2000,2000,2000,2000,2000,2000,1609.39748921872,1500,1500,1500,1500,1500,1500,1500,1500,1500,1500,4424.05643870266,5000,5000,5000,5000,5000,5000,5000,5000,5000,5000,5000,5000,5000,5000,5000,5000,5000,5000,5000,5000,5000
5000,5000,5000,5000,5000,5000,5000,5000,5000,5000,5000,5000,5000,5000,5000,5000,5000,5000,5000,5000,5000,5000,5000,5000,5000,5000,5000,5000,5000,5000,5000,5000,3913.76901652867,1500,1500,1500,1500,1500,1500,1500,1500,1500,1520.33358951565,1932.57040113401,2000,2000,2000,2000,2000,2000,2000,2000,2000,2000,1909.51871219581,1986.57326350413,2000,2000,2000,2000,2000,2000,2000,2000,2000,2000,1986.05849438782,1500,1500,1500,1500,1500,1500,1500,1500,1500,1934.56781459557,5000,5000,5000,5000,5000,5000,5000,5000,5000,5000,5000,5000,5000,5000,5000,5000,5000,5000,5000,5000,5000,5000,5000
5000,5000,5000,5000,5000,5000,5000,5000,5000,5000,5000,5000,5000,5000,5000,5000,5000,5000,5000,5000,5000,5000,5000,5000,5000,5000,5000,5000,4994.66555170463,2125.38038740115,2717.25266306261,3175.12113855881,1500,1500,1500,1500,1500,1500,1500,1500,1500,1500,1948.46665605123,2000,2000,2000,2000,2000,2000,2000,2000,2000,2000,2000,2000,2000,2000,2000,2000,2000,2000,2000,2000,2000,2000,2000,1999.17896902609,1500,1500,1500,1500,1500,1500,1500,1500,1500,5000,5000,5000,5000,5000,5000,5000,5000,5000,5000,5000,5000,5000,5000,5000,5000,5000,5000,5000,5000,5000,5000,5000,5000
5000,5000,5000,5000,5000,5000,5000,5000,5000,5000,5000,5000,5000,5000,5000,5000,5000,5000,5000,5000,5000,5000,5000,5000,5000,5000,4981.1191635068,4793.36530885105,2099.02397269712,1500,1500,1500,1500,1500,1500,1500,1500,1500,1500,1500,1500,1500,1987.11406877036,2000,2000,2000,2000,2000,2000,2000,2000,2000,2000,2000,2000,2000,2000,2000,2000,2000,2000,2000,2000,2000,2000,2000,1992.33401804088,1500,1500,1500,1500,1500,1500,1500,1500,1500,1500,5000,5000,5000,5000,5000,5000,5000,5000,5000,5000,5000,5000,5000,5000,5000,5000,5000,5000,5000,5000,5000,5000,5000
5000,5000,5000,5000,5000,5000,5000,5000,5000,5000,5000,5000,5000,5000,5000,5000,5000,5000,5000,5000,5000,5000,5000,5000,5000,4836.00961181262,1500,1500,1500,1500,1500,1500,1500,1500,1500,1500,1500,1500,1500,1500,1500,1701.8145951103,2000,2000,2000,2000,2000,2000,2000,2000,2000,2000,2000,2000,2000,2000,2000,2000,2000,2000,2000,2000,2000,2000,2000,2000,2000,1673.48150073763,1500.00120789234,1500,1506.94338991926,1500,1500,1500,1500,1500,1500,3589.51043404018,5000,5000,5000,5000,5000,5000,5000,5000,5000,5000,5000,5000,5000,5000,5000,5000,5000,5000,5000,5000,5000,5000
5000,5000,5000,5000,5000,5000,5000,5000,5000,5000,5000,5000,5000,5000,5000,5000,5000,5000,5000,5000,5000,5000,5000,2549.71521410914,1500,1500,1500,1500,1500,1500,1500,1500,1500,1500,1500,1500,1500,1500,1500,1500,1822.29250119384,2000,2000,2000,2000,2000,2000,2000,2000,2000,2000,2000,2000,2000,2000,2000,2000,2000,2000,2000,2000,2000,2000,2000,2000,2000,2000,2000,1967.79243609425,1996.14107136159,1952.45023089619,1999.24805590995,1910.38035869722,1500,1500,1500,1500,4281.09632519717,5000,5000,5000,5000,5000,5000,5000,5000,5000,5000,5000,5000,5000,5000,5000,5000,5000,5000,5000,5000,5000,5000
5000,5000,5000,5000,5000,5000,5000,5000,5000,5000,5000,5000,5000,5000,5000,5000,5000,5000,5000,5000,5000,5000,2207.70377057785,1500,1500,1500,1500,1500,1500,1988.71212210053,1921.96018831363,2000,1500,1500,1500,1500,1500,1500,1500,1999.69964639022,2000,2000,2000,2000,2000,2000,2000,2000,2000,2000,2000,2000,2000,2000,2000,2000,2000,2000,2000,2000,2000,2000,2000,2000,2000,2000,2000,2000,2000,2000,2000,2000,2000,1771.78666057696,1500,1500,1500,3843.67348413929,5000,5000,5000,5000,5000,5000,5000,5000,5000,5000,5000,5000,5000,5000,5000,5000,5000,5000,5000,5000,5000,5000
5000,5000,5000,5000,5000,5000,5000,5000,5000,5000,5000,5000,5000,5000,5000,5000,5000,5000,5000,5000,5000,2617.48153190296,1500,1500,1500,1500,1500,1546.47094968509,1988.66876343659,2000,2000,2000,1500,1500,1500,1500,1500,1500,1865.26955852253,2000,2000,2000,2000,2000,2000,2000,2000,2000,2000,2000,2000,2000,2000,2000,2000,2000,2000,2000,2000,2000,2000,2000,2000,2000,2000,2000,2000,2000,2000,2000,2000,2000,2000,1717.49324938949,1500,1500,1500,4258.04949947722,5000,5000,5000,5000,5000,5000,5000,5000,5000,5000,5000,5000,5000,5000,5000,5000,5000,5000,5000,5000,5000,5000
5000,5000,5000,5000,5000,5000,5000,5000,5000,5000,5000,5000,5000,5000,5000,5000,5000,5000,5000,5000,5000,1989.25357767226,1500,1500,1500,1500,1731.49932334275,2000,2000,2000,2000,2000,1857.96104378666,1500,1500,1500,1500,1500,2000,2000,2000,2000,2000,2000,2000,2000,2000,2000,2000,2000,2000,2000,2000,2000,2000,2000,2000,2000,2000,2000,2000,2000,2000,2000,2000,2000,2000,2000,2000,2000,2000,1985.41156558129,1957.37419568977,1513.08302737141,1500,1500,1500,4067.84529222409,5000,5000,5000,5000,5000,5000,5000,5000,5000,5000,5000,5000,5000,5000,5000,5000,5000,5000,5000,5000,5000,5000
5000,5000,5000,5000,5000,5000,5000,5000,5000,5000,5000,5000,5000,5000,5000,5000,5000,5000,5000,5000,5000,1500,1500,1500,1500,1500,1721.27796492239,2000,2000,2000,2000,2000,2000,1500,1500,1500,1500,1500,1705.34644595999,2000,2000,2000,2000,2000,2000,2000,2000,2000,2000,2000,2000,2000,2000,2000,2000,2000,2000,2000,2000,2000,2000,2000,2000,2000,2000,2000,2000,2000,2000,2000,1625.39824173384,1500,1500,1500,1500,1500,1500,5000,5000,5000,5000,5000,5000,5000,5000,5000,5000,5000,5000,5000,5000,5000,5000,5000,5000,5000,5000,5000,5000,5000
5000,5000,5000,5000,5000,5000,5000,5000,5000,5000,5000,5000,5000,5000,5000,5000,5000,5000,2619.00580258322,2360.20003582403,1719.82078321523,1500,1500,1500,1500,1500,1587.30281194506,2000,2000,2000,2000,2000,2000,1545.00524357397,1500,1500,1500,1500,1500,1557.63868451724,1601.86046884342,1581.4274111918,1567.62531348152,1595.09313192743,1564.63077380467,2000,2000,2000,2000,2000,2000,2000,2000,2000,2000,2000,2000,2000,2000,2000,2000,2000,2000,2000,2000,2000,2000,1940.75711325133,1586.27303082977,1626.96507860576,1500,1500,1500,1500,1500,1539.3268896881,5000,5000,5000,5000,5000,5000,5000,5000,5000,5000,5000,5000,5000,5000,5000,5000,5000,5000,5000,5000,5000,5000,5000,5000
5000,5000,5000,5000,5000,5000,5000,5000,5000,5000,5000,5000,5000,5000,5000,5000,5000,4572.92358507324,1500,1500,1500,1500,1500,1500,1500,1500,1500,1617.57900803376,2000,2000,2000,2000,2000,2000,1638.48248689098,1500,1500,1500,1500,1500,1500,1500,1500,1500,1500,1541.53578431708,1937.85323353628,1888.91232696189,2000,2000,2000,2000,2000,2000,2000,2000,2000,2000,2000,2000,2000,2000,2000,2000,2000,2000,2000,1500,1500,1500,1500,1500,1500,1500,1565.46116094739,5000,5000,3011.40926884648,4066.46715890992,4355.28064096188,3798.41589835207,4727.70943268878,5000,5000,4324.23642012553,3984.85151980234,3655.20288915936,5000,5000,5000,5000,5000,5000,5000,5000,5000,5000,5000,5000,5000
5000,5000,5000,5000,5000,5000,5000,5000,5000,5000,5000,5000,5000,5000,5000,5000,4422.17159272527,1500,1500,1500,1500,1500,1500,1500,1500,1500,1500,1500,1500,2000,2000,2000,2000,2000,1997.75839008179,1586.12272983013,1540.15068841808,1500,1500,1500,1500,1500,1500,1500,1500,1500,1500,1500,1633.05472227288,2000,2000,2000,2000,2000,2000,2000,2000,2000,2000,2000,2000,2000,2000,2000,2000,2000,1500,1500,1500,1500,1500,1500,1500,2666.95378899941,5000,5000,5000,1523.72452666015,1500,1500,1500,1500,5000,1500,1500,1500,1500,2550.22787520938,5000,5000,5000,5000,5000,5000,5000,5000,5000,5000,5000,5000
5000,5000,5000,5000,5000,5000,5000,5000,5000,5000,5000,5000,5000,2025.0164285438,1500,1500,1500,1500,1500,1500,1500,1500,1500,1500,1500,1500,1500,1500,1579.33072078937,2000,2000,2000,2000,2000,2000,2000,2000,1835.55710798284,1500,1500,1500,1500,1500,1500,1500,1500,1500,1500.04992754591,1930.53289999168,2000,2000,2000,2000,2000,2000,2000,2000,2000,2000,2000,2000,2000,2000,2000,2000,2000,1500,1500,1500,1500,1500,1500,1500,1811.3340534632,5000,5000,5000,1500,1500,1500,1500,1500,1500,1500,1500,1500,1500,1712.8162055325,5000,5000,5000,5000,5000,5000,5000,5000,5000,5000,5000,5000
5000,5000,5000,5000,5000,5000,5000,5000,5000,5000,5000,5000,5000,3690.71066498272,1500,1500,1500,1500,1500,1500,1500,1503.40276138958,1904.423055658,2000,2000,1897.47300444396,1500,1592.96641571653,2000,2000,2000,2000,2000,2000,2000,2000,2000,2000,2000,2000,1500,1500,1500,1500,1500,1500,1530.44636145792,1961.72103981619,2000,2000,2000,2000,2000,2000,2000,2000,2000,2000,2000,2000,2000,2000,2000,2000,2000,2000,2000,1599.07426975088,1500,1500,1500,1500,1500,1500,1500,1688.73771714288,1500,1500,1500,1500,1500,1500,1500,1500,1500,1500,1500,1905.46083488369,5000,5000,5000,5000,5000,5000,5000,5000,5000,5000,5000,5000
5000,5000,5000,5000,5000,5000,5000,5000,5000,5000,5000,5000,5000,3653.15772177507,1500,1500,1500,1500,1500,1500,1500,1840.36022749192,2000,2000,2000,2000,1871.84781720201,2000,2000,2000,2000,2000,2000,2000,2000,2000,2000,2000,2000,2000,1997.76051816992,1658.93684678331,1603.21968801912,1500,1500,1500,1966.13053695994,2000,2000,2000,2000,2000,2000,2000,2000,2000,2000,2000,2000,2000,2000,2000,2000,2000,2000,2000,2000,2000,1589.41805087913,1500,1500,1500,1500,1500,1500,1500,1500,1500,1500,1500,1500,1500,1500,1500,1500,1500,1500,1980.09809276249,5000,5000,5000,5000,5000,5000,5000,5000,5000,5000,5000,5000
5000,5000,5000,5000,5000,5000,5000,5000,5000,5000,5000,5000,5000,2381.55786685198,1500,1500,1500,1500,1500,1502.84928798802,1686.07555318891,2000,2000,2000,2000,2000,2000,2000,2000,2000,2000,2000,2000,2000,2000,2000,2000,2000,2000,2000,2000,2000,2000,1591.76886462247,1521.16745282331,1892.18653937052,2000,2000,2000,2000,2000,2000,2000,2000,2000,2000,2000,2000,2000,2000,2000,2000,2000,2000,2000,2000,2000,2000,1982.30020452913,1598.27446971069,1568.66795063765,1549.83797027171,1589.32472353331,1562.61624830151,1569.72393276539,1536.90936176545,1500.00193049365,1531.38370896862,1537.29559631787,1520.49844321005,1554.34087994053,1522.64051355415,1548.94364623706,1500,1500,1500,1500,1773.1129218847,5000,5000,5000,5000,5000,5000,5000,5000,5000,5000,5000,5000
5000,5000,5000,5000,5000,5000,5000,5000,5000,5000,5000,5000,5000,2575.33519299993,1500,1500,1500,1500,1999.17098413312,2000,2000,2000,2000,2000,2000,2000,2000,2000,2000,2000,2000,2000,2000,2000,2000,2000,2000,2000,2000,2000,2000,2000,2000,2000,2000,2000,2000,2000,2000,2000,2000,2000,2000,2000,2000,2000,2000,2000,2000,2000,2000,2000,2000,2000,2000,2000,2000,2000,2000,2000,2000,2000,2000,2000,2000,2000,2000,2000,2000,2000,2000,2000,2000,1755.20638708021,1500,1500,1500,1974.55291177777,5000,5000,5000,5000,5000,5000,5000,5000,5000,5000,5000,5000
5000,5000,5000,5000,5000,5000,5000,5000,5000,5000,5000,5000,5000,2359.42748030966,1500,1500,2000,2000,2000,2000,2000,2000,2000,2000,2000,2000,2000,2000,2000,2000,2000,2000,2000,2000,2000,2000,2000,2000,2000,2000,2000,2000,2000,2000,2000,2000,2000,2000,2000,2000,2000,2000,2000,2000,2000,2000,2000,2000,2000,2000,2000,2000,2000,2000,2000,2000,2000,2000,2000,2000,2000,2000,2000,2000,2000,2000,2000,2000,2000,2000,2000,2000,2000,1975.6804075054,1504.28007861257,1500,1500,1809.02458603814,5000,5000,5000,5000,5000,5000,5000,5000,5000,5000,5000,5000
5000,5000,5000,5000,5000,5000,5000,5000,5000,5000,5000,5000,5000,3634.20776115581,1500,1500,2000,2000,2000,2000,2000,2000,2000,2000,2000,2000,2000,2000,2000,2000,2000,2000,2000,2000,2000,2000,2000,2000,2000,2000,2000,2000,2000,2000,2000,2000,2000,2000,2000,2000,2000,2000,2000,2000,2000,2000,2000,2000,2000,2000,2000,2000,2000,2000,2000,2000,2000,2000,2000,2000,2000,2000,2000,2000,2000,2000,2000,2000,2000,2000,2000,2000,2000,1985.05372184552,1500.49518309875,1500,1500,1924.72974847549,5000,5000,5000,5000,5000,5000,5000,5000,5000,5000,5000,5000
5000,5000,5000,5000,5000,5000,5000,5000,5000,5000,5000,5000,5000,1970.75298188083,1500,1500,2000,2000,2000,2000,2000,2000,2000,2000,2000,2000,2000,2000,2000,2000,1958.99368501411,1929.95454968261,1908.41456806104,2000,2000,2000,2000,2000,2000,2000,2000,2000,2000,2000,2000,2000,2000,2000,2000,2000,2000,2000,2000,2000,2000,2000,2000,2000,2000,2000,2000,2000,2000,2000,2000,2000,2000,2000,2000,2000,2000,2000,2000,2000,2000,2000,2000,2000,2000,2000,2000,2000,2000,1977.90634374542,1500,1500,1500,1597.755227565,5000,5000,5000,5000,5000,5000,5000,5000,5000,5000,5000,5000
5000,5000,5000,5000,5000,5000,5000,5000,5000,5000,5000,5000,5000,3999.04518692639,1500,1500,2000,2000,2000,2000,2000,2000,2000,2000,2000,2000,2000,2000,2000,1850.2347759272,1500,1500,1500,1519.79840290041,2000,2000,2000,2000,2000,2000,2000,2000,2000,2000,2000,2000,2000,2000,2000,2000,2000,2000,2000,2000,2000,2000,2000,2000,2000,2000,2000,2000,2000,2000,2000,2000,2000,2000,2000,2000,2000,2000,2000,2000,2000,2000,2000,2000,2000,2000,2000,2000,2000,1985.28432577221,1500,1500,1500,1656.20092881334,5000,5000,5000,5000,5000,5000,5000,5000,5000,5000,5000,5000
5000,5000,5000,5000,5000,5000,5000,5000,5000,5000,5000,5000,5000,3724.50689632912,1500,1500,1500,1500,1500,1500.12898658343,1500,1500.83631546881,1500,1500.44874435893,1500,1501.17320168101,1500.04228676084,1500.21289477415,1501.10954255857,1500,1500,1500,1500,1500,1500,1500,1500.17926655214,1617.82634925176,2000,2000,2000,2000,2000,2000,2000,2000,2000,2000,2000,2000,2000,2000,2000,2000,2000,2000,2000,2000,2000,2000,2000,2000,2000,2000,2000,2000,2000,2000,2000,2000,2000,2000,2000,2000,2000,2000,2000,2000,2000,2000,2000,2000,2000,1997.08756256719,1500,1500,1500,3903.04524573687,5000,5000,5000,5000,5000,5000,5000,5000,5000,5000,5000,5000
5000,5000,5000,5000,5000,5000,5000,5000,5000,5000,5000,5000,5000,3588.29939025774,1500,1500,1500,1500,1500,1500,1500,1500,1500,1500,1500,1500,1500,1500,1500,1500,1500,1500,1500,1500,1500,1500,1500,1500,1902.96283796459,2000,2000,2000,2000,2000,2000,2000,2000,2000,2000,2000,2000,2000,2000,2000,2000,2000,2000,2000,2000,2000,2000,2000,2000,2000,2000,2000,2000,2000,2000,2000,2000,2000,2000,2000,2000,2000,2000,2000,2000,2000,2000,2000,2000,1928.10289060542,1500,1500,3657.27160126907,5000,5000,5000,5000,5000,5000,5000,5000,5000,5000,5000,5000,5000
5000,5000,5000,5000,5000,5000,5000,5000,5000,5000,5000,5000,5000,2277.54846264639,1500,1500,1500,1500,1500,1500,1500,1500,1500,1500,1500,1500,1500,1500,1500,1500,1500,1500,1500,1627.22864187451,1622.79071351491,1603.81459765887,1613.58649193084,1805.85791300473,2000,2000,2000,2000,2000,2000,2000,2000,2000,2000,2000,2000,2000,2000,2000,2000,2000,2000,2000,2000,2000,2000,2000,2000,2000,2000,2000,2000,2000,2000,2000,2000,2000,2000,2000,2000,2000,2000,2000,2000,2000,2000,2000,2000,2000,1985.2454827451,1500,1500,2050.7236397371,5000,5000,5000,5000,5000,5000,5000,5000,5000,5000,5000,5000,5000
5000,5000,5000,5000,5000,5000,5000,5000,5000,5000,5000,5000,5000,3643.7270078689,1500,1500,1527.58386311477,1500.27898277019,1506.73887300704,1530.72122335667,1508.8872283115,1513.1640975474,1506.37452693115,1500,1515.76767146261,1500,1501.24308695588,1504.19149154097,1500,1536.26208504547,1513.54417417007,1500,1870.50432144622,2000,2000,2000,2000,2000,2000,2000,2000,2000,2000,2000,2000,2000,2000,2000,2000,2000,2000,2000,2000,2000,2000,2000,2000,2000,2000,2000,2000,2000,2000,2000,2000,2000,2000,2000,2000,2000,2000,2000,2000,2000,2000,2000,2000,2000,2000,2000,2000,2000,2000,1953.67801132727,1500,1500,4713.9166862028,5000,5000,5000,5000,5000,5000,5000,5000,5000,5000,5000,5000,5000
5000,5000,5000,5000,5000,5000,5000,5000,5000,5000,5000,5000,5000,3026.60611601915,1500,1902.30762258572,2000,2000,2000,2000,2000,2000,2000,2000,2000,2000,2000,2000,2000,2000,2000,2000,2000,2000,2000,2000,2000,2000,2000,2000,2000,2000,2000,2000,2000,2000,2000,2000,2000,2000,2000,2000,2000,2000,2000,2000,2000,2000,2000,2000,2000,2000,2000,2000,2000,2000,2000,2000,2000,2000,2000,2000,2000,2000,2000,2000,2000,2000,2000,2000,2000,2000,2000,1998.95580227886,1500,1500,4364.70591872122,5000,5000,5000,5000,5000,5000,5000,5000,5000,5000,5000,5000,5000
5000,5000,5000,5000,5000,5000,5000,5000,5000,5000,5000,5000,5000,2184.61358275231,1517.0328222961,2000,2000,2000,2000,2000,2000,2000,2000,2000,2000,2000,2000,2000,2000,2000,2000,2000,2000,2000,2000,2000,2000,2000,2000,2000,2000,2000,2000,2000,2000,2000,2000,2000,2000,2000,2000,2000,2000,2000,2000,2000,2000,2000,2000,2000,2000,2000,2000,2000,2000,2000,2000,2000,2000,2000,2000,2000,2000,2000,2000,2000,2000,2000,2000,2000,2000,2000,2000,1869.89329970117,1500,1500,4551.69261031538,5000,5000,5000,5000,5000,5000,5000,5000,5000,5000,5000,5000,5000
5000,5000,5000,5000,5000,5000,5000,5000,5000,5000,5000,5000,5000,1797.00412842174,1500.08605382612,1998.45550991976,2000,2000,2000,2000,2000,2000,2000,2000,2000,2000,2000,2000,2000,2000,2000,2000,2000,2000,2000,2000,2000,2000,2000,2000,2000,2000,2000,2000,2000,2000,2000,2000,2000,2000,2000,2000,2000,2000,2000,2000,2000,2000,2000,2000,1947.66769711233,2000,2000,2000,2000,2000,2000,2000,2000,2000,2000,2000,2000,2000,2000,2000,2000,2000,2000,2000,2000,2000,1842.85521261264,1500,1500,1500,4477.88121402508,5000,5000,5000,5000,5000,5000,5000,5000,5000,5000,5000,5000,5000
5000,5000,5000,5000,5000,5000,5000,5000,5000,5000,5000,5000,5000,1773.18259924262,1500,2000,2000,2000,2000,2000,2000,2000,2000,2000,2000,2000,2000,2000,1903.24284138393,1998.81533009843,2000,2000,2000,2000,2000,2000,2000,2000,1914.62138485194,1983.62658786942,2000,2000,2000,2000,2000,2000,2000,2000,2000,2000,2000,2000,2000,2000,2000,2000,2000,2000,2000,1592.91366958133,1500,1885.06185200832,2000,1970.06344989982,2000,2000,2000,2000,2000,2000,2000,1986.17316269705,2000,2000,2000,2000,2000,2000,2000,2000,2000,2000,1620.5320289022,1500,1500,1500,4107.84276896963,5000,5000,5000,5000,5000,5000,5000,5000,5000,5000,5000,5000,5000
5000,5000,5000,5000,5000,5000,5000,5000,5000,5000,5000,5000,5000,2206.83283616038,1500.97110613176,2000,2000,2000,2000,2000,2000,2000,2000,2000,2000,2000,2000,1573.69533136085,1500,1515.80943546412,2000,2000,2000,2000,2000,2000,2000,1815.6106752878,1500,1500,1949.82482439081,2000,2000,2000,2000,2000,2000,2000,2000,2000,2000,2000,2000,2000,2000,2000,2000,2000,1670.82825468253,1500,1500,1500,1500,1500,1507.78807448265,1922.84206698613,2000,2000,2000,1999.6478702274,1500,1500,1578.09597585929,2000,2000,2000,2000,2000,2000,2000,2000,2000,1738.74890429087,1500,1500,1500,2400.14265026877,5000,5000,5000,5000,5000,5000,5000,5000,5000,5000,5000,5000,5000
5000,5000,5000,5000,5000,5000,5000,5000,5000,5000,5000,5000,5000,2678.11561960492,1500,2000,2000,2000,1592.72242203432,1530.56341194244,1509.27261340558,1529.28876274463,1504.32164968132,1515.63380212389,1523.48498255472,1534.23582557248,1500,1500,1500,1500,1500,2000,2000,2000,2000,2000,1598.67265206263,1500,1500,1500,1500,1987.04701393636,2000,2000,2000,2000,2000,2000,2000,2000,2000,2000,2000,2000,2000,2000,2000,1947.91131221723,1500,1500,1500,1500,1500,1500,1500,1531.78153741107,2000,2000,2000,1856.18754083108,1500,1500,1500,1500,1512.77041604364,1965.08241895959,2000,2000,2000,2000,2000,2000,1606.87614742191,1500,1500,1500,2519.88487364906,5000,5000,5000,5000,5000,5000,5000,5000,5000,5000,5000,5000,5000
5000,5000,5000,5000,5000,5000,5000,5000,5000,5000,5000,5000,5000,2490.91492673396,1500,1500.70336912699,1863.47464288456,1593.81329421334,1500,1500,1500,1500,1500,1500,1500,1500,1500,1500,1500,1500,1500,1500,2000,2000,2000,1922.57316886508,1500,1500,1500,1500,1551.31780036234,2000,2000,2000,2000,2000,2000,2000,2000,2000,2000,2000,2000,2000,2000,2000,2000,1958.62417555496,1500,1500,1500,1500,1500,1500,1500,1500,1604.87085820025,1860.58411634464,1578.76358434815,1879.4643899399,1500,1500,1500,1500,1500,1500,1804.78532398435,1608.74982539835,1859.4847224378,1828.20777313533,1868.31641187586,1644.6057889593,1500,1500,1500,1500,3511.84148285914,5000,5000,5000,5000,5000,5000,5000,5000,5000,5000,5000,5000,5000
5000,5000,5000,5000,5000,5000,5000,5000,5000,5000,5000,5000,5000,4458.09686067069,1500,1500,1500,1500,1500,1500,1500,1500,1500,1500,1500,1500,1500,1500,1500,1500,1500,1500,2000,1983.08099360129,1986.05247248102,1888.3797721623,1500,1500,1500,1574.46841562165,2000,2000,2000,2000,2000,2000,2000,2000,2000,2000,2000,2000,2000,2000,2000,2000,2000,1963.85300207108,1500,1500,1500,1500,1500,1500,1500,1500,1500,1500,1500,1500,1500,1500,1500,1500,1500,1500,1500,1500,1500,1500,1500,1500,1500,1500,1500,4739.60589184402,5000,5000,5000,5000,5000,5000,5000,5000,5000,5000,5000,5000,5000,5000
5000,5000,5000,5000,5000,5000,5000,5000,5000,5000,5000,5000,5000,3206.46095471084,1500,1500,1500,1500,1500,1500,1500,1500,1500,1500,1500,1500,1500,1500,1500,1500,1500,1500,1500,1500,1500,1500,1500,1500,1500,1668.84293762382,2000,2000,2000,2000,2000,2000,2000,2000,2000,2000,2000,2000,2000,2000,2000,2000,2000,1971.22578073712,1500,1500,1500,1500,1500,1500,1500,1500,1500,1500,1500,1500,1500,1500,1500,1500,1500,1500,1500,1500,1500,1500,1500,1500,1500,1500,1500,5000,5000,5000,5000,5000,5000,5000,5000,5000,5000,5000,5000,5000,5000,5000
5000,5000,5000,5000,5000,5000,5000,5000,5000,5000,5000,5000,5000,2298.53378728394,1500,1500,1500,1500,1500,1500,1500,1500,1500,1500,1500,1500,1500,1500,1500,1500,1500,1500,1500,1500,1500,1500,1500,1500,1503.76248116804,1881.19155542039,2000,2000,2000,2000,2000,2000,2000,2000,2000,2000,2000,2000,2000,2000,2000,2000,2000,1958.18332813319,1500,1500,1500,1500,1500,1500,1500,1500,1500,1500,1500,1500,1500,1500,1500,1500,1500,1500,1500,1500,1500,1500,1500,1500,1500,4798.50652655157,5000,5000,5000,5000,5000,5000,5000,5000,5000,5000,5000,5000,5000,5000,5000,5000
5000,5000,5000,5000,5000,5000,5000,5000,5000,5000,5000,5000,5000,1811.71700371024,1500,1500,1500,1500,1500,1500,1500,1500,1500,1500,2000,1821.37847874935,1872.6329183531,1896.63251013774,1551.17309223485,1500,1500,1500,1500,1500,1500,1500,1500,1500,1916.09950434454,2000,2000,2000,2000,2000,2000,2000,2000,2000,2000,2000,2000,2000,2000,2000,2000,2000,2000,1978.20609779581,1520.99673847664,1500,1500,1500,1500,1500,1500,1500,1500,1500,1500,1500,1500,1500,1500,1500,1500,1500,1500,1500,1500,1500,1500,4052.73385628093,4307.84087465762,5000,5000,5000,5000,5000,5000,5000,5000,5000,5000,5000,5000,5000,5000,5000,5000,5000
5000,5000,5000,5000,5000,5000,5000,5000,5000,5000,5000,5000,5000,1809.28844851247,1500,1500,1500,1500,1500,1500,1500,1500,1500,1500,2000,2000,2000,2000,2000,1500,1500,1500,1500,1500,1500,1500,1500,1500,1978.45206669125,2000,2000,2000,2000,2000,2000,2000,2000,2000,2000,2000,2000,2000,2000,2000,2000,2000,2000,2000,1911.63790809704,1543.3387754686,1500,1500,1500,1500,1500,1500,1500,1500,1500,1500,1500,1500,1500,1500,1500,1500,2517.34693259978,2045.78312730429,2541.29221331081,1723.05127075531,4844.91877931746,5000,5000,5000,5000,5000,5000,5000,5000,5000,5000,5000,5000,5000,5000,5000,5000,5000,5000,5000
5000,5000,5000,5000,5000,5000,5000,5000,5000,5000,5000,5000,5000,2250.18911785225,1500,1500,1500,1500,1500,1500,1500,1500,1500,1837.5555831838,2000,2000,2000,2000,2000,1502.43089376237,1500,1500,1500,1500,1500,1500,1500,1590.38867108618,2000,2000,2000,2000,2000,2000,2000,2000,2000,2000,2000,2000,2000,2000,2000,2000,2000,2000,2000,2000,2000,1920.42151845192,1500,1500,1506.46576354119,1500,1500,1500,1500,1500,1500,1500,1500,1500,1500,1500,1500,5000,5000,5000,5000,5000,5000,5000,5000,5000,5000,5000,5000,5000,5000,5000,5000,5000,5000,5000,5000,5000,5000,5000,5000,5000
5000,5000,5000,5000,5000,5000,5000,5000,5000,5000,5000,5000,5000,3707.64687504122,1500,1500,2000,2000,2000,1589.26469838257,1500,1500,1896.73832539635,2000,2000,2000,2000,2000,2000,1541.86170101815,1500,1500,1500,1500,1500,1500,1503.80158896206,2000,2000,2000,2000,2000,2000,2000,2000,2000,1827.82003676465,1500,1967.6419867449,2000,2000,2000,2000,2000,2000,2000,2000,2000,2000,2000,2000,1995.44545873229,1973.83104687692,1999.97923272751,1900.22954330434,1500,1500,1500,1500,1500,1500,1500,1500,1500,1500,5000,5000,5000,5000,5000,5000,5000,5000,5000,5000,5000,5000,5000,5000,5000,5000,5000,5000,5000,5000,5000,5000,5000,5000,5000
5000,5000,5000,5000,5000,5000,5000,5000,5000,5000,5000,5000,5000,3459.69711267727,1500,1500,2000,2000,2000,1995.45723239628,1736.1813636793,1937.61311943385,2000,2000,2000,2000,2000,2000,2000,1500,1500,1500,1500,1500,1500,1500,1501.78357159684,1999.97520189271,2000,2000,2000,2000,2000,2000,2000,2000,1500,1500,1546.83276663626,2000,2000,2000,2000,2000,2000,2000,2000,2000,2000,2000,2000,2000,2000,2000,2000,1926.75315505679,1949.12193005575,1535.99742748025,1500,1500,1500,1500,1500,1500,1500,1500,3700.90516604162,5000,5000,5000,5000,5000,5000,5000,5000,5000,5000,5000,5000,5000,5000,5000,5000,5000,5000,5000,5000,5000,5000,5000
5000,5000,5000,5000,5000,5000,5000,5000,5000,5000,5000,5000,5000,3189.92976578472,1500,1500,2000,2000,2000,2000,2000,2000,2000,2000,2000,2000,2000,2000,2000,1514.73330348961,1500,1500,1500,1500,1500,1500,1510.9951751527,2000,2000,2000,2000,2000,2000,2000,2000,2000,1500,1500,1500,1620.63582959752,1998.12742456279,2000,2000,2000,2000,2000,2000,2000,2000,2000,2000,2000,2000,2000,2000,2000,2000,1981.75709618768,1639.24834002299,1649.31166385588,1685.56841260804,1754.2789916983,1548.19773568605,1500,1500,1500,1500,4256.37283742396,5000,5000,5000,5000,5000,5000,5000,5000,5000,5000,5000,5000,5000,5000,5000,5000,5000,5000,5000,5000,5000,5000
5000,5000,5000,5000,5000,5000,5000,5000,5000,5000,5000,5000,5000,3646.53160039613,1500,1500,1999.7903745711,2000,2000,2000,2000,2000,2000,2000,2000,2000,2000,2000,1600.24652778187,1500,1500,1500,1500,1500,1500,1500,1905.65640034213,2000,2000,2000,2000,2000,2000,2000,2000,2000,1500,1500,1500,1500,1500,1989.25660072791,2000,2000,2000,2000,2000,2000,2000,2000,2000,2000,2000,2000,2000,2000,2000,2000,2000,2000,2000,2000,2000,1526.5418144301,1500,1500,1500,1500,3224.53028179105,5000,5000,5000,5000,5000,5000,5000,5000,5000,5000,5000,5000,5000,5000,5000,5000,5000,5000,5000,5000,5000
5000,5000,5000,5000,5000,5000,5000,5000,5000,5000,5000,5000,5000,2677.33030315499,1500,1500,1960.11401669781,2000,2000,2000,2000,2000,2000,2000,2000,2000,2000,1955.99980434711,1500,1500,1500,1500,1500,1500,1519.44272563279,1924.83682402783,2000,2000,2000,2000,2000,2000,2000,2000,2000,2000,1781.00801833139,1500,1500,1500,1500,1901.29909228908,2000,2000,2000,2000,2000,2000,2000,2000,2000,2000,2000,2000,2000,2000,2000,2000,2000,2000,2000,2000,2000,1794.5614264713,1500,1500,1500,1500,2229.8317784637,5000,5000,5000,5000,5000,5000,5000,5000,5000,5000,5000,5000,5000,5000,5000,5000,5000,5000,5000,5000,5000
5000,5000,5000,5000,5000,5000,5000,5000,5000,5000,5000,5000,5000,3102.281136286,1500,1500,2000,2000,2000,2000,2000,2000,2000,2000,2000,2000,2000,2000,1500,1500,1500,1500,1669.62132677284,1947.70688433608,2000,2000,2000,2000,2000,2000,2000,2000,2000,2000,2000,2000,2000,1738.69211213087,1500,1500,1500,1825.21014911399,2000,2000,2000,2000,2000,2000,2000,2000,2000,2000,2000,2000,2000,2000,2000,2000,2000,2000,2000,2000,2000,1727.64689953157,1500,1500,1500,1500,2214.16264994024,5000,5000,5000,5000,5000,5000,5000,5000,5000,5000,5000,5000,5000,5000,5000,5000,5000,5000,5000,5000,5000
5000,5000,5000,5000,5000,5000,5000,5000,5000,5000,5000,5000,5000,2781.58025091979,1500,1500,1966.08232874098,2000,2000,1942.31142350768,1684.2986408653,1801.49985538517,2000,2000,2000,2000,2000,1982.45947836965,1500,1500,1500,1504.9302211173,2000,2000,2000,2000,2000,2000,2000,2000,2000,2000,2000,2000,2000,2000,2000,1592.71271387975,1500,1500,1500,1500,1665.98498836592,2000,2000,2000,2000,2000,2000,2000,2000,2000,2000,2000,2000,2000,2000,2000,2000,2000,2000,2000,1895.49264404182,1594.97061165482,1500,1500,1500,1500,2358.21141125011,5000,5000,5000,5000,5000,5000,5000,5000,5000,5000,5000,5000,5000,5000,5000,5000,5000,5000,5000,5000,5000
5000,5000,5000,5000,5000,5000,5000,5000,5000,5000,5000,5000,5000,3254.31548270094,1500,1500,1542.18565914558,1988.71568254639,1941.10702721634,1542.26017191039,1500,1500,1685.56249046868,2000,2000,2000,2000,1996.92088032152,1500,1500,1500,1597.23754298857,2000,2000,2000,2000,2000,2000,2000,2000,2000,2000,2000,2000,2000,2000,2000,1585.61274243134,1500,1500,1500,1500,1664.0230768064,2000,2000,2000,2000,2000,2000,2000,2000,2000,2000,2000,2000,2000,2000,2000,2000,1999.43087375221,2000,1520.56653435747,1500,1500,1500,1500,1500,1500,2327.61830291988,5000,5000,5000,5000,5000,5000,5000,5000,5000,5000,5000,5000,5000,5000,5000,5000,5000,5000,5000,5000,5000
5000,5000,5000,5000,5000,5000,5000,5000,5000,5000,5000,5000,5000,3233.83726579713,1500,1500,1500,1500,1500,1500,1500,1500,1609.70743832021,2000,2000,2000,2000,1980.61478624644,1500,1500,1500,1603.9432726604,2000,2000,2000,2000,2000,2000,2000,2000,2000,2000,2000,2000,2000,2000,2000,2000,1559.45951836944,1500,1500,1500,1718.33071660685,2000,2000,2000,2000,2000,2000,2000,2000,2000,2000,2000,2000,2000,2000,2000,1900.8039660748,1500,1500,1500,1500,1500,1500,1500,1500,1500,1735.30585345169,4979.94132133745,5000,5000,5000,5000,5000,5000,5000,5000,5000,5000,5000,5000,5000,5000,5000,5000,5000,5000,5000,5000
5000,5000,5000,5000,5000,5000,5000,5000,5000,5000,5000,5000,5000,3811.22924763289,1500,1500,1500,1500,1500,1500,1500,1500,1572.01205117098,2000,2000,2000,2000,2000,1573.42281425781,1500,1500,1500,2000,2000,2000,2000,2000,2000,2000,2000,2000,2000,2000,2000,2000,2000,2000,2000,1931.75466382868,1500,1500,1500,1690.63704655442,2000,2000,2000,2000,2000,2000,2000,2000,2000,2000,1911.34809765214,1530.89165169667,1518.143165794,1509.25895157897,1547.280230735,1500,1500,1500,1500,1500,1500,1500,1500,1500,1500,1500,1500,1500,1915.37387595682,4945.3682827489,5000,5000,5000,5000,5000,5000,5000,5000,5000,5000,5000,5000,5000,5000,5000,5000,5000
5000,5000,5000,5000,5000,5000,5000,5000,5000,5000,5000,5000,5000,2177.46951330784,1500,1500,1500,1500,1500,1500,1500,1500,1663.04915976545,2000,2000,2000,2000,2000,1999.99966323051,1534.63682327749,1500,1500,1516.46126885374,1996.13087101285,2000,2000,2000,2000,2000,2000,2000,2000,2000,2000,2000,2000,2000,2000,1826.22632237928,1500,1500,1500,1683.1959150964,2000,2000,2000,2000,2000,2000,2000,2000,2000,1923.05811240325,1503.30110295803,1500,1500,1500,1500,1500,1500,1500,1500,1500,1500,1500,1500,1500,1500,1500,1500,1500,1500,2687.96049191316,5000,5000,5000,5000,5000,5000,5000,5000,5000,5000,5000,5000,5000,5000,5000,5000,5000
5000,5000,5000,5000,5000,5000,5000,5000,5000,5000,5000,5000,5000,3010.46551722006,1500,1500,1500,1500,1500,1613.84674407057,1535.97495622946,1620.63087098648,2000,2000,2000,2000,2000,2000,2000,1540.45483763045,1500,1500,1501.53665923548,1947.14629068166,2000,2000,2000,2000,2000,2000,2000,2000,2000,2000,2000,2000,2000,1911.51969178792,1500,1500,1500,1500,1649.83596554459,2000,2000,2000,2000,2000,2000,2000,2000,1919.58465248717,1536.55294143951,1500,1500,1500,1500,1500,1500,1500,1500,1500,1500,1500,1500,1500,1500,1500,1500,1500,1500,1500,2550.93222428151,5000,5000,5000,5000,5000,5000,5000,5000,5000,5000,5000,5000,5000,5000,5000,5000,5000
5000,5000,5000,5000,5000,5000,5000,5000,5000,5000,5000,5000,5000,2348.22015120704,1500,1500,1500,1500,2000,2000,2000,2000,2000,2000,2000,2000,2000,2000,2000,1519.90046143942,1500,1500,1501.84566592262,1995.63098221208,2000,2000,2000,2000,2000,2000,2000,2000,2000,2000,2000,2000,2000,1569.91383829251,1500,1500,1500,1526.71500572322,1973.88878002882,2000,2000,2000,2000,2000,2000,2000,1963.01819257346,1544.58450416827,1500,1500,1500,1500,1500,1500,1500,1500,1500,1500,1500,1500,1500,1500,1500,1500,1500,1500,1500,1500,2389.6525173405,5000,5000,5000,5000,5000,5000,5000,5000,5000,5000,5000,5000,5000,5000,5000,5000,5000
5000,5000,5000,5000,5000,5000,5000,5000,5000,5000,5000,5000,5000,2008.80743126052,1500,1500,2000,2000,2000,2000,2000,2000,2000,2000,2000,2000,2000,2000,2000,1530.1059099564,1500,1500,1511.48948862145,1972.35980991031,2000,2000,2000,2000,2000,2000,2000,2000,2000,2000,2000,2000,1982.69459648711,1561.84859946909,1500,1500,1628.85529156786,1984.930968681,2000,2000,2000,2000,2000,2000,2000,1947.41941556801,1500.65723617251,1500,1500,1500,1500,1500,1500,1500,1500,1500,1500,1500,1500,1500,1500,1500,1500,1500,1500,1500,1500,1500,2422.73647886153,5000,5000,5000,5000,5000,5000,5000,5000,5000,5000,5000,5000,5000,5000,5000,5000,5000
5000,5000,5000,5000,5000,5000,5000,5000,5000,5000,5000,5000,5000,3166.81334382607,1500,1500,2000,2000,2000,2000,2000,2000,2000,2000,2000,2000,2000,2000,2000,1535.40918769373,1500,1500,1500,1996.54490967913,2000,2000,1877.91114555419,1529.0215468184,1756.94570998721,2000,2000,2000,2000,2000,2000,1866.18119468596,1500.81737512742,1500,1500,1500,1984.71689187253,2000,2000,2000,2000,2000,2000,2000,2000,1545.01095541896,1500,1500,1500,1500,1500,1500,1500,1500,1500,1500,1500,1500,1500,1500,1500,1500,1500,1500,1500,1500,1500,1500,2659.14791427088,5000,5000,5000,5000,5000,5000,5000,5000,5000,5000,5000,5000,5000,5000,5000,5000,5000
5000,5000,5000,5000,5000,5000,5000,5000,5000,5000,5000,5000,5000,2571.5996601322,1500,1500,2000,2000,2000,2000,2000,2000,2000,2000,2000,2000,2000,2000,2000,1523.04147953764,1500,1500,1500,1559.29354504389,1907.34153373956,1917.35219107617,1500.53465788677,1500,1500,1541.77566659423,2000,2000,2000,2000,1993.43785657655,1500,1500,1500,1500,1508.96494604624,2000,2000,2000,2000,2000,2000,2000,2000,1988.57314605409,1514.76316148304,1500,1500,1500,1500,1500,1500,1500,1500,1500,1500,1500,1500,1500,1500,1500,1500,1500,1500,1500,1500,1500,1500,2304.83589976534,5000,5000,5000,5000,5000,5000,5000,5000,5000,5000,5000,5000,5000,5000,5000,5000,5000
5000,5000,5000,5000,5000,5000,5000,5000,5000,5000,5000,5000,5000,3821.05320097511,1500,1500,2000,2000,2000,2000,2000,2000,2000,2000,2000,2000,2000,2000,2000,1536.8357361233,1500,1500,1500,1500,1500,1500,1500,1500,1639.16370459409,2000,2000,2000,2000,2000,1897.28086077164,1500,1500,1500,1500,1500,1999.32758402316,2000,2000,2000,2000,2000,2000,2000,1655.3674539957,1500,1500,1500,1500,1500,1500,1500,1503.7112269559,1501.58681082788,1500,1500,1500,1500,1500,1500,1500,1500,1500,1500,1500,1500,1500,1500,2289.6595752669,5000,5000,5000,5000,5000,5000,5000,5000,5000,5000,5000,5000,5000,5000,5000,5000,5000
5000,5000,5000,5000,5000,5000,5000,5000,5000,5000,5000,5000,5000,2557.75182544383,1500,1500,1898.42969835417,2000,2000,2000,2000,2000,2000,2000,2000,2000,2000,2000,2000,1542.43602490724,1500,1500,1500,1500,1500,1500,1500,1500,1991.76392467396,2000,2000,2000,2000,2000,1977.81816889759,1500,1500,1500,1500,1698.18399400934,2000,2000,2000,2000,2000,2000,2000,1571.14181908933,1500,1500,1500,1500,1500,1500,1539.20730334998,1993.39619800278,2000,2000,2000,2000,1537.9612185162,1500,1500,1500,1500,1500,1500,1500,1500,1500,1500,1500,2501.80487279047,5000,5000,5000,5000,5000,5000,5000,5000,5000,5000,5000,5000,5000,5000,5000,5000,5000
5000,5000,5000,5000,5000,5000,5000,5000,5000,5000,5000,5000,5000,2542.57591153008,1500,1500,1500,1608.34495816376,2000,2000,2000,2000,2000,2000,2000,2000,2000,2000,2000,1513.45903268986,1500,1500,1500,1500,1500,1500,1500,1500,1998.40432640375,2000,2000,2000,2000,2000,1938.75389787905,1500,1500,1500,1583.25743280846,2000,2000,2000,2000,2000,2000,2000,1554.27351702152,1500,1500,1500,1500,1500,1500,1500,1918.40454553473,2000,2000,2000,2000,2000,1998.51881168036,1984.84660028122,1974.19545679017,1953.72758871448,1982.19140867534,1500,1500,1500,1500,1500,1500,1500,3053.92975321481,5000,5000,5000,5000,5000,5000,5000,5000,5000,5000,5000,5000,5000,5000,5000,5000,5000
5000,5000,5000,5000,5000,5000,5000,5000,5000,5000,5000,5000,5000,2736.99493630303,1500,1500,1500,1500,1625.43534209609,2000,2000,2000,2000,2000,2000,2000,2000,2000,2000,1525.00082819301,1500,1500,1500,1500,1500,1500,1500,1999.21372322971,2000,2000,2000,2000,2000,2000,1987.30608758591,1500,1500,1500,1582.27464316389,2000,2000,2000,2000,2000,2000,2000,1675.5838756326,1500,1500,1500,1500,1500,1500,1500,1947.6848774244,2000,2000,2000,2000,2000,2000,2000,2000,2000,1979.12204365435,1500,1500,1500,1500,1500,1553.42417377982,4213.06623464911,5000,5000,5000,5000,5000,5000,5000,5000,5000,5000,5000,5000,5000,5000,5000,5000,5000,5000
5000,5000,5000,5000,5000,5000,5000,5000,5000,5000,5000,5000,5000,3069.61451314279,1500,1500,1500,1500,1500,1794.54445627743,2000,2000,2000,2000,2000,2000,2000,2000,2000,1832.24461949426,1500,1501.2773727057,1500,1500,1500,1500,1981.70450126037,2000,2000,2000,2000,2000,2000,2000,1940.97256557958,1500,1500,1500,1604.67543419546,2000,2000,2000,2000,2000,2000,1863.82778748439,1500,1500,1500,1500,1500,1500,1500,1516.91837598897,2000,2000,2000,2000,1999.82087057615,1956.80312979302,2000,2000,2000,2000,2000,1500,1500,1500,1500,1500,4686.88750714125,5000,5000,5000,5000,5000,5000,5000,5000,5000,5000,5000,5000,5000,5000,5000,5000,5000,5000,5000
5000,5000,5000,5000,5000,5000,5000,5000,5000,5000,5000,5000,5000,4119.52000782563,1500,1500,1500,1500,1500,1500,1578.2023583533,2000,2000,2000,2000,2000,2000,2000,2000,2000,2000,2000,1598.42567830389,1508.72304247306,2000,2000,2000,2000,2000,2000,2000,2000,2000,2000,1954.04141980551,1500,1500,1500,1602.77584671991,2000,2000,2000,2000,2000,2000,1526.72255133054,1500,1500,1500,1500,1500,1500.00004676336,2000,2000,2000,2000,2000,1644.32013284636,1500,1500,1500,1500,1500,1500,1500,1500,1500,1500,1500,1500,5000,5000,5000,5000,5000,5000,5000,5000,5000,5000,5000,5000,5000,5000,5000,5000,5000,5000,5000,5000
5000,5000,5000,5000,5000,5000,5000,5000,5000,5000,5000,5000,5000,4364.28317436199,1500,1500,1500,1500,1500,1500,1500,1858.64798513478,2000,2000,2000,2000,2000,2000,2000,2000,2000,2000,2000,2000,2000,2000,2000,2000,2000,2000,2000,2000,2000,2000,1682.11584571661,1500,1500,1500,1643.99181548079,2000,2000,2000,2000,2000,2000,1592.31397425018,1500,1500,1500,1500,1500,1600.67618470297,2000,2000,2000,2000,2000,1500,1500,1500,1500,1500,1500,1500,1500,1500,1500,1500,1500,1857.76155812629,5000,5000,5000,5000,5000,5000,5000,5000,5000,5000,5000,5000,5000,5000,5000,5000,5000,5000,5000,5000
5000,5000,5000,5000,5000,5000,5000,5000,5000,5000,5000,5000,5000,3511.89734796027,1500,1500,1500,1500,1500,1500,1500,1824.9560701613,2000,2000,2000,2000,2000,2000,2000,2000,2000,2000,2000,2000,2000,2000,2000,2000,2000,2000,2000,2000,2000,1742.39278861361,1500,1500,1500,1500,1603.83169509239,2000,2000,2000,2000,2000,2000,1553.20689301887,1500,1500,1500,1500,1835.81356323849,2000,2000,2000,2000,2000,1992.83605311899,1500,1500,1500,1500,1500,1500,1500,1500,1500,1500,1500,2506.59178728991,5000,5000,5000,5000,5000,5000,5000,5000,5000,5000,5000,5000,5000,5000,5000,5000,5000,5000,5000,5000,5000
5000,5000,5000,5000,5000,5000,5000,5000,5000,5000,5000,5000,5000,4451.19330581903,1500,1500,1500,1500,1500,1500,1500,1508.40503068716,1904.94132528552,2000,2000,2000,2000,2000,2000,2000,2000,2000,2000,2000,2000,2000,2000,2000,2000,2000,2000,2000,2000,1830.83197383226,1500,1500,1500,1500,1654.5781797634,2000,2000,2000,2000,2000,2000,1557.46491340698,1500,1500,1500,1846.56298583341,2000,2000,2000,2000,2000,2000,2000,1509.09139753343,1500,1500,1500,1500,1500,1500,1500,1500,1500,1500,2693.55065815478,5000,5000,5000,5000,5000,5000,5000,5000,5000,5000,5000,5000,5000,5000,5000,5000,5000,5000,5000,5000,5000
5000,5000,5000,5000,5000,5000,5000,5000,5000,5000,5000,5000,5000,4196.46148819796,1500,1500,1500,1500,1500,1500,1500,1500,1500,1877.36224569138,2000,2000,2000,2000,2000,2000,2000,2000,2000,2000,2000,2000,2000,2000,2000,2000,2000,2000,2000,1726.43361158107,1500,1500,1500,1500,1641.14768368093,2000,2000,2000,2000,2000,2000,1805.7523168098,1500,1500,1701.70621941688,2000,2000,2000,2000,2000,2000,2000,1945.50309272548,1500,1500,1500,1500,1500,1500,1500,1500,1500,1500,1500,3639.64619913715,5000,5000,5000,5000,5000,5000,5000,5000,5000,5000,5000,5000,5000,5000,5000,5000,5000,5000,5000,5000,5000
5000,5000,5000,5000,5000,5000,5000,5000,5000,5000,5000,5000,5000,3088.33153627303,1500,1500,1500,1500,1500,1500,1500,1500,1500,1500,1871.77889373675,2000,2000,2000,2000,2000,2000,2000,2000,2000,2000,2000,2000,2000,2000,2000,2000,2000,2000,1927.73748151663,1519.26916557449,1500,1500,1500,1536.08721995344,1988.11203475845,2000,2000,2000,2000,2000,2000,1982.44447173301,1936.60458333155,2000,2000,2000,2000,2000,2000,2000,2000,2000,1615.99820695729,1500,1500,1500,1500,1767.40078027167,4902.16481550955,4711.69814047193,4814.4227635515,4545.34568096976,5000,5000,5000,5000,5000,5000,5000,5000,5000,5000,5000,5000,5000,5000,5000,5000,5000,5000,5000,5000,5000,5000,5000
5000,5000,5000,5000,5000,5000,5000,5000,5000,5000,5000,5000,5000,2372.3588045882,1500,1500,1500,1500,1500,1500,1500,1500,1500,1500,1500,1833.21129724011,2000,2000,2000,2000,2000,2000,2000,2000,2000,2000,2000,2000,2000,2000,2000,2000,2000,2000,1966.82419298887,1500,1500,1500,1500,1581.25296390226,1934.72799402005,2000,2000,2000,2000,2000,2000,2000,2000,2000,2000,2000,2000,2000,2000,2000,2000,2000,1514.68090742182,1500,1500,1500,5000,5000,5000,5000,5000,5000,5000,5000,5000,5000,5000,5000,5000,5000,5000,5000,5000,5000,5000,5000,5000,5000,5000,5000,5000,5000,5000,5000
5000,5000,5000,5000,5000,5000,5000,5000,5000,5000,5000,5000,5000,3544.75308075183,1500,1500,1500,1500,1500,1500,1500,1500,1500,1500,1500,1500,1805.23726764427,2000,2000,2000,2000,2000,2000,2000,2000,2000,2000,2000,2000,2000,2000,2000,2000,2000,1947.96704765592,1500,1500,1500,1500,1500,1500,1999.06127145109,2000,2000,2000,2000,2000,2000,2000,2000,2000,2000,2000,2000,2000,2000,2000,2000,1553.91569096949,1500,1500,5000,5000,5000,5000,5000,5000,5000,5000,5000,5000,5000,5000,5000,5000,5000,5000,5000,5000,5000,5000,5000,5000,5000,5000,5000,5000,5000,5000,5000
5000,5000,5000,5000,5000,5000,5000,5000,5000,5000,5000,5000,5000,4125.77048397203,1500,1500,1500,1500,1500,1505.19301670005,1551.82493215569,1500,1500,1500,1500,1500,1648.88797941478,2000,2000,2000,2000,2000,2000,2000,2000,2000,2000,2000,2000,2000,2000,2000,2000,2000,2000,1638.13641868419,1500,1500,1500,1500,1500,1914.76063808512,2000,2000,2000,2000,2000,2000,2000,2000,2000,2000,2000,2000,2000,2000,2000,2000,1532.02102633752,1500,1500,2707.42544092798,5000,5000,5000,5000,5000,5000,5000,5000,5000,5000,5000,5000,5000,5000,5000,5000,5000,5000,5000,5000,5000,5000,5000,5000,5000,5000,5000,5000
5000,5000,5000,5000,5000,5000,5000,5000,5000,5000,5000,5000,5000,3767.92268553119,1500,1500,1500,1502.72963570716,1970.81976225015,1999.15209400459,1999.71291842406,1978.58787703867,1516.47290415277,1500,1500,1500,1876.61176403701,2000,2000,2000,2000,2000,2000,2000,2000,2000,2000,2000,2000,2000,2000,2000,2000,2000,2000,2000,1528.46169758005,1500,1500,1500,1500,1765.94116009721,2000,2000,2000,2000,2000,2000,2000,2000,2000,2000,2000,2000,2000,2000,2000,1990.61377187444,1500,1500,1500,1500,4998.43863651568,5000,5000,5000,5000,5000,5000,5000,5000,5000,5000,5000,5000,5000,5000,5000,5000,5000,5000,5000,5000,5000,5000,5000,5000,5000,5000,5000
5000,5000,5000,5000,5000,5000,5000,5000,5000,5000,5000,5000,5000,4526.53623859266,1500,1500,1500,1797.64321604188,2000,2000,2000,2000,1888.91478241577,1500,1500,1500,1578.18300952896,2000,2000,2000,2000,2000,2000,1973.46255775463,1555.09250222967,1618.99341171684,1942.41853608479,2000,2000,2000,2000,2000,2000,2000,2000,1991.71679207264,1513.39423300148,1500,1500,1500,1500,1500,1592.87171565813,2000,2000,2000,2000,2000,2000,2000,2000,1740.24606406659,1536.73457063501,1911.54057607254,2000,2000,1850.95009863328,1502.57746257554,1500,1500,1500,1564.62875853107,4934.26888658759,5000,5000,5000,5000,5000,5000,5000,5000,5000,5000,5000,5000,5000,5000,5000,5000,5000,5000,5000,5000,5000,5000,5000,5000,5000,5000,5000
5000,5000,5000,5000,5000,5000,5000,5000,5000,5000,5000,5000,5000,4157.18182128655,1500,1500,1500,1764.58196220095,2000,2000,2000,2000,2000,1850.16334721526,1503.99422967741,1500,1500,1542.57746450259,2000,2000,2000,2000,2000,1509.3066146608,1500,1500,1552.42884281349,1981.20303272911,2000,2000,2000,2000,2000,2000,2000,2000,1507.24149541181,1500,1500,1500,1500,1500,1716.49425048843,2000,2000,2000,2000,2000,2000,2000,1668.00321261032,1500,1500,1500,1896.87335299978,1866.85496074577,1531.07357148352,1500,1500,1500,1500,5000,5000,5000,5000,5000,5000,5000,5000,5000,5000,5000,5000,5000,5000,5000,5000,5000,5000,5000,5000,5000,5000,5000,5000,5000,5000,5000,5000,5000
5000,5000,5000,5000,5000,5000,5000,5000,5000,5000,5000,5000,5000,2329.78852708055,1500,1500,1500,1819.97976628027,2000,2000,2000,2000,2000,2000,1978.31984372144,1500,1500,1520.17424739953,2000,2000,2000,2000,2000,1514.18570958706,1500,1500,1500,1571.88677922608,1999.22612541939,2000,2000,2000,2000,2000,2000,2000,1899.81129800808,1500,1500,1500,1500,1500,1500.67413586603,1896.7079724443,2000,2000,2000,2000,2000,2000,1658.85422525905,1500,1500,1500,1500,1500,1500,1500,1500,1500,1500,5000,5000,5000,5000,5000,5000,5000,5000,5000,5000,5000,5000,5000,5000,5000,5000,5000,5000,5000,5000,5000,5000,5000,5000,5000,5000,5000,5000,5000
5000,5000,5000,5000,5000,5000,5000,5000,5000,5000,5000,5000,5000,2904.27810924736,1500,1500,1500,1631.70435515196,1997.26807430369,2000,2000,2000,2000,2000,2000,1568.23197937195,1500,1528.37622588737,2000,2000,2000,2000,2000,1500.96405906865,1500,1500,1500,1500,1595.29677480834,2000,2000,2000,2000,2000,2000,2000,2000,1991.38520034471,1509.42350105792,1500,1500,1500,1500,1500,1500,1520.13568026354,1894.1986650994,2000,2000,2000,1633.41120555313,1500,1500,1500,1500,1500,1500,1500,1500,1500,2974.97164347377,5000,5000,5000,5000,5000,5000,5000,5000,5000,5000,5000,5000,5000,5000,5000,5000,5000,5000,5000,5000,5000,5000,5000,5000,5000,5000,5000,5000,5000
5000,5000,5000,5000,5000,5000,5000,5000,5000,5000,5000,5000,5000,4946.48867506658,1500,1500,1500,1500,1509.66233188241,1917.21529855405,2000,2000,2000,2000,2000,1580.54867226881,1500,1530.7179645897,2000,2000,2000,2000,2000,1500,1500,1500,1500,1500,1500,1543.78499525429,2000,2000,2000,2000,2000,2000,2000,2000,1888.51271236364,1500,1500,1500,1500,1500,1500,1500,1857.04927992356,2000,2000,2000,1668.39233825728,1500,1500,1500,1500,1500,1500,1500,1501.23638044505,4400.54879640195,5000,5000,5000,5000,5000,5000,5000,5000,5000,5000,5000,5000,5000,5000,5000,5000,5000,5000,5000,5000,5000,5000,5000,5000,5000,5000,5000,5000,5000,5000
5000,5000,5000,5000,5000,5000,5000,5000,5000,5000,5000,5000,5000,1842.2413299632,1500,1500,1500,1500,1500,1522.63697459246,2000,2000,2000,2000,2000,1581.2492361064,1500,1504.93042389356,2000,2000,2000,2000,1999.54219113065,1502.44773455974,1500,1500,1500,1500,1500,1500,1568.75053401451,2000,2000,2000,2000,2000,2000,2000,1908.34651301848,1500,1500,1500,1500,1500,1500,1500,1788.09109261214,2000,2000,2000,1664.30232302091,1500,1500,1500,3270.32920021426,3626.62116764045,3583.90037416284,2356.0035729582,4444.75211506988,5000,5000,5000,5000,5000,5000,5000,5000,5000,5000,5000,5000,5000,5000,5000,5000,5000,5000,5000,5000,5000,5000,5000,5000,5000,5000,5000,5000,5000,5000,5000
5000,5000,5000,5000,5000,5000,5000,5000,5000,5000,5000,5000,5000,4343.89757188588,1500,1500,1500,1500,1500,1500,2000,2000,2000,2000,2000,1573.75261113097,1500,1514.06639481451,2000,2000,2000,2000,2000,1857.89425276172,1526.05706287567,1510.49306897608,1500,1500,1500,1500,1500,1580.09047310742,1999.92425218622,2000,2000,2000,2000,2000,1907.21404187524,1500,1500,1500,1500,1500,1500,1724.69330800472,2000,2000,2000,2000,1698.15437788928,1500,1500,4602.293187192,5000,5000,5000,5000,5000,5000,5000,5000,5000,5000,5000,5000,5000,5000,5000,5000,5000,5000,5000,5000,5000,5000,5000,5000,5000,5000,5000,5000,5000,5000,5000,5000,5000,5000,5000,5000
5000,5000,5000,5000,5000,5000,5000,5000,5000,5000,5000,5000,5000,4359.63011988899,1500,1500,1500,1500,1500,1500,2000,2000,2000,2000,2000,1604.19622923244,1500,1542.49418666619,2000,2000,2000,2000,2000,2000,2000,2000,1840.02300805346,1500,1500,1500,1500,1500,1539.19408291324,1979.41167790513,2000,2000,2000,2000,1892.22324181674,1500,1500,1500,1500,1500,1500,1987.34120113752,2000,2000,2000,2000,1716.60960660374,1500,1504.55037987511,5000,5000,5000,5000,5000,5000,5000,5000,5000,5000,5000,5000,5000,5000,5000,5000,5000,5000,5000,5000,5000,5000,5000,5000,5000,5000,5000,5000,5000,5000,5000,5000,5000,5000,5000,5000,5000
5000,5000,5000,5000,5000,5000,5000,5000,5000,5000,5000,5000,5000,3966.60134107748,1500,1500,1500,1500,1500,1500,2000,2000,2000,2000,2000,1561.18596702427,1500,1520.72959894826,2000,2000,2000,2000,2000,2000,2000,2000,2000,1500,1500,1500,1500,1500,1500,1681.53315984511,2000,2000,2000,2000,1904.28352285775,1500,1500,1500,1500,1500,1500,1954.054360674,2000,2000,2000,1996.69246305485,1613.20130379074,1500,1500,5000,5000,5000,5000,5000,5000,5000,5000,5000,5000,5000,5000,5000,5000,5000,5000,5000,5000,5000,5000,5000,5000,5000,5000,5000,5000,5000,5000,5000,5000,5000,5000,5000,5000,5000,5000,5000
5000,5000,5000,5000,5000,5000,5000,5000,5000,5000,5000,5000,5000,2685.33640855929,1500,1500,1500,1969.93686681258,1796.02738953852,2000,2000,2000,2000,2000,2000,1524.45339789453,1500,1630.47041449664,2000,2000,2000,2000,2000,2000,2000,2000,1985.28343578892,1515.19157934046,1500,1500,1500,1500,1500,1601.90068579394,2000,2000,2000,2000,1892.20322495656,1500,1500,1500,1500,1500,1500,1973.03299410723,2000,2000,1992.7428584076,1595.88926757985,1500,1500,1500.23924418426,4961.56634360687,5000,5000,5000,5000,5000,5000,5000,5000,5000,5000,5000,5000,5000,5000,5000,5000,5000,5000,5000,5000,5000,5000,5000,5000,5000,5000,5000,5000,5000,5000,5000,5000,5000,5000,5000,5000
5000,5000,5000,5000,5000,5000,5000,5000,5000,5000,5000,5000,5000,2613.24503495768,1500,1500,1500,1950.81076731394,2000,2000,2000,2000,2000,2000,1573.31997818209,1500,1609.96905257216,1994.81878176338,2000,2000,2000,2000,2000,2000,2000,2000,2000,1500,1500,1500,1500,1500,1500,1798.78355077133,2000,2000,2000,2000,1917.56970969455,1500,1500,1500,1500,1500,1500,2000,1963.37246984443,1963.50396085376,1587.86341813488,1500,1500,1500,1500,5000,5000,5000,5000,5000,5000,5000,5000,5000,5000,5000,5000,5000,5000,5000,5000,5000,5000,5000,5000,5000,5000,5000,5000,5000,5000,5000,5000,5000,5000,5000,5000,5000,5000,5000,5000,5000
5000,5000,5000,5000,5000,5000,5000,5000,5000,5000,5000,5000,5000,3103.75876360456,1500,1500,1500,1840.13514749448,2000,2000,2000,2000,2000,1988.87937526829,1500,1500,1782.41781684172,2000,2000,2000,2000,2000,2000,2000,2000,2000,2000,1500.63918738318,1500,1500,1500,1500,1500,1500,1886.45179732244,2000,2000,2000,1853.22173668603,1500,1500,1500,1500,1500,1500,1500,1500,1500,1500,1500,1500,1500,2310.33505125845,5000,5000,5000,5000,5000,5000,5000,5000,5000,5000,5000,5000,5000,5000,5000,5000,5000,5000,5000,5000,5000,5000,5000,5000,5000,5000,5000,5000,5000,5000,5000,5000,5000,5000,5000,5000,5000
5000,5000,5000,5000,5000,5000,5000,5000,5000,5000,5000,5000,5000,2315.97357478196,1500,1500,1500,1632.24471815953,2000,2000,2000,2000,2000,2000,1500.85107331349,1500,1551.7863076173,1997.78204062849,2000,2000,2000,2000,2000,2000,2000,2000,1999.66161214188,1500,1500,1500,1500,1500,1500,1500,1500,2000,2000,2000,2000,1500,1500,1500,1500,1500,1500,1500,1500,1500,1500,1500,1500,4002.53346177238,5000,5000,5000,5000,5000,5000,5000,5000,5000,5000,5000,5000,5000,5000,5000,5000,5000,5000,5000,5000,5000,5000,5000,5000,5000,5000,5000,5000,5000,5000,5000,5000,5000,5000,5000,5000,5000,5000
5000,5000,5000,5000,5000,5000,5000,5000,5000,5000,5000,5000,5000,2511.3487049941,1500,1500,1500,1500,1553.07515834161,1989.36925555489,2000,2000,2000,1995.11946197405,1500,1500,1500,1520.43684984136,1999.77316679335,2000,2000,2000,2000,2000,2000,2000,1999.57769845957,1500,1500,1500,1500,1500,1500,1500,1500,2000,2000,2000,2000,2000,1500,1500,1500,1500,1500,1500,1500,1500,1500,1501.76980460755,3773.219689605,5000,5000,5000,5000,5000,5000,5000,5000,5000,5000,5000,5000,5000,5000,5000,5000,5000,5000,5000,5000,5000,5000,5000,5000,5000,5000,5000,5000,5000,5000,5000,5000,5000,5000,5000,5000,5000,5000,5000
5000,5000,5000,5000,5000,5000,5000,5000,5000,5000,5000,5000,5000,2415.27501839002,1500,1500,1500,1500,1500,1529.61850447717,2000,2000,2000,1999.74797980543,1500,1500,1500,1500,1549.93131854368,1939.01896574481,1955.88706657629,2000,2000,2000,2000,2000,2000,2000,1500,1500,1500,1500,1500,1500,1500,1550.3065744959,2000,2000,2000,2000,1500,1500,1500,1500,1500,1500,1500,1500,1500,3986.93428848032,5000,5000,5000,5000,5000,5000,5000,5000,5000,5000,5000,5000,5000,5000,5000,5000,5000,5000,5000,5000,5000,5000,5000,5000,5000,5000,5000,5000,5000,5000,5000,5000,5000,5000,5000,5000,5000,5000,5000,5000
5000,5000,5000,5000,5000,5000,5000,5000,5000,5000,5000,5000,5000,2805.6747608729,1500,1500,1500,1500,1500,1500,1985.88954991857,2000,2000,2000,1868.67827462719,1500,1500,1500,1500,1500,1500,1655.86638494351,2000,2000,2000,2000,2000,2000,1542.01356974672,1500,1500,1500,1500,1500,1500,1500,2000,2000,2000,2000,1500,1500,1500,1500,1500,1504.36698739485,1500,1500.50714320372,3615.12325429729,5000,5000,5000,5000,5000,5000,5000,5000,5000,5000,5000,5000,5000,5000,5000,5000,5000,5000,5000,5000,5000,5000,5000,5000,5000,5000,5000,5000,5000,5000,5000,5000,5000,5000,5000,5000,5000,5000,5000,5000,5000
5000,5000,5000,5000,5000,5000,5000,5000,5000,5000,5000,5000,5000,4283.75802832189,1500,1500,1500,1500,1500,1500,2000,2000,2000,2000,2000,1847.10303275651,1500,1500,1500,1500,1500,1673.27134077848,2000,2000,2000,2000,2000,2000,1805.49846889566,1500,1500,1500,1500,1500,1500,1500,2000,2000,1520.20226329422,1515.6951869635,1500,1500,1500,4257.4536134674,5000,4778.15019631247,5000,4996.31344027684,5000,5000,5000,5000,5000,5000,5000,5000,5000,5000,5000,5000,5000,5000,5000,5000,5000,5000,5000,5000,5000,5000,5000,5000,5000,5000,5000,5000,5000,5000,5000,5000,5000,5000,5000,5000,5000,5000,5000,5000,5000,5000
5000,5000,5000,5000,5000,5000,5000,5000,5000,5000,5000,5000,5000,4064.7636957812,1500,1500,1500,1500,1500,1508.40890667575,1996.74716100171,2000,2000,2000,2000,2000,1934.26512124906,1892.983207114,1898.5929379574,1877.4053099337,1867.28998016773,2000,2000,2000,2000,2000,2000,2000,2000,1979.02410631684,1883.89107920321,1554.37027062526,1500,1500,1500,1500,1725.33019713736,1500,1500,1500,1500,1500,3301.49127131046,5000,5000,5000,5000,5000,5000,5000,5000,5000,5000,5000,5000,5000,5000,5000,5000,5000,5000,5000,5000,5000,5000,5000,5000,5000,5000,5000,5000,5000,5000,5000,5000,5000,5000,5000,5000,5000,5000,5000,5000,5000,5000,5000,5000,5000,5000,5000
5000,5000,5000,5000,5000,5000,5000,5000,5000,5000,5000,5000,5000,4314.15669075204,1500,1500,1500,1500,1500,1500,1992.28223022091,2000,2000,2000,2000,2000,2000,2000,2000,2000,2000,2000,2000,2000,2000,2000,2000,2000,2000,2000,2000,2000,1502.758469192,1500,1500,1500,1500,1500,1500,1500,1500,1500,2548.55384272008,5000,5000,5000,5000,5000,5000,5000,5000,5000,5000,5000,5000,5000,5000,5000,5000,5000,5000,5000,5000,5000,5000,5000,5000,5000,5000,5000,5000,5000,5000,5000,5000,5000,5000,5000,5000,5000,5000,5000,5000,5000,5000,5000,5000,5000,5000,5000
5000,5000,5000,5000,5000,5000,5000,5000,5000,5000,5000,5000,5000,4287.94529568288,1500,1500,1500,1500,1500,1500,2000,2000,2000,2000,2000,2000,2000,2000,2000,2000,2000,2000,2000,2000,2000,2000,2000,2000,2000,2000,2000,2000,1562.62708333034,1500,1500,1500,1500,1500,1587.23573764049,1536.2030959863,1500,1780.69287950104,4895.92527996367,5000,5000,5000,5000,5000,5000,5000,5000,5000,5000,5000,5000,5000,5000,5000,5000,5000,5000,5000,5000,5000,5000,5000,5000,5000,5000,5000,5000,5000,5000,5000,5000,5000,5000,5000,5000,5000,5000,5000,5000,5000,5000,5000,5000,5000,5000,5000
5000,5000,5000,5000,5000,5000,5000,5000,5000,5000,5000,5000,5000,4479.64922294342,1500,1500,1500,1500,1500,1500,1928.98432030999,2000,2000,2000,2000,2000,2000,2000,2000,2000,2000,2000,2000,2000,2000,2000,2000,2000,2000,2000,2000,1906.00278569703,1500,1500,1500,4435.79555490363,5000,4986.88965738755,5000,5000,5000,5000,5000,5000,5000,5000,5000,5000,5000,5000,5000,5000,5000,5000,5000,5000,5000,5000,5000,5000,5000,5000,5000,5000,5000,5000,5000,5000,5000,5000,5000,5000,5000,5000,5000,5000,5000,5000,5000,5000,5000,5000,5000,5000,5000,5000,5000,5000,5000,5000
5000,5000,5000,5000,5000,5000,5000,5000,5000,5000,5000,5000,5000,4420.418958643,1500,1500,1500,1500,1500,1500,1500,1626.33747458174,2000,2000,2000,2000,2000,2000,2000,2000,2000,2000,2000,2000,2000,2000,2000,2000,1530.61143986077,1540.38153188965,1603.50359293827,1500,1500,1500,1500,5000,5000,5000,5000,5000,5000,5000,5000,5000,5000,5000,5000,5000,5000,5000,5000,5000,5000,5000,5000,5000,5000,5000,5000,5000,5000,5000,5000,5000,5000,5000,5000,5000,5000,5000,5000,5000,5000,5000,5000,5000,5000,5000,5000,5000,5000,5000,5000,5000,5000,5000,5000,5000,5000,5000
5000,5000,5000,5000,5000,5000,5000,5000,5000,5000,5000,5000,5000,4558.4824626371,1500,1500,1500,1500,1500,1500,1500,1500,1658.05670050097,1845.84470250782,1754.29199544086,1895.78253852783,2000,2000,2000,2000,2000,2000,2000,2000,1876.42481453958,1925.35280720581,1833.53635997995,1554.35300018642,1500,1500,1500,1500,1500,1500,1664.15872123005,5000,5000,5000,5000,5000,5000,5000,5000,5000,5000,5000,5000,5000,5000,5000,5000,5000,5000,5000,5000,5000,5000,5000,5000,5000,5000,5000,5000,5000,5000,5000,5000,5000,5000,5000,5000,5000,5000,5000,5000,5000,5000,5000,5000,5000,5000,5000,5000,5000,5000,5000,5000,5000,5000,5000
5000,5000,5000,5000,5000,5000,5000,5000,5000,5000,5000,5000,5000,2862.20951258141,1500,1500,1500,1500,1500,1500,1500,1500,1500,1500,1500,1500,1867.08502208377,1980.21612715499,1911.42007651022,1948.29045174194,1950.31041251439,1953.44283794152,1994.58879528598,1606.13967808311,1500,1500,1500,1500,1500,1500,1500,1500,1500,1921.11862427107,5000,5000,5000,5000,5000,5000,5000,5000,5000,5000,5000,5000,5000,5000,5000,5000,5000,5000,5000,5000,5000,5000,5000,5000,5000,5000,5000,5000,5000,5000,5000,5000,5000,5000,5000,5000,5000,5000,5000,5000,5000,5000,5000,5000,5000,5000,5000,5000,5000,5000,5000,5000,5000,5000,5000,5000
5000,5000,5000,5000,5000,5000,5000,5000,5000,5000,5000,5000,5000,4223.99365437186,1500,1500,1500,1500,1500,1500,1500,1500,1500,1500,1500,1500,1500,1500,1500,1500,1500,1500,1500,1500,1500,1500,1500,1500,1500,1500,1500,1500,1973.8350157231,4966.86718994348,5000,5000,5000,5000,5000,5000,5000,5000,5000,5000,5000,5000,5000,5000,5000,5000,5000,5000,5000,5000,5000,5000,5000,5000,5000,5000,5000,5000,5000,5000,5000,5000,5000,5000,5000,5000,5000,5000,5000,5000,5000,5000,5000,5000,5000,5000,5000,5000,5000,5000,5000,5000,5000,5000,5000,5000
5000,5000,5000,5000,5000,5000,5000,5000,5000,5000,5000,5000,5000,3446.37378297318,1500,1500,1500,1500,4345.93905959523,5000,2840.44545976338,1500,1500,1500,1500,1500,1500,1500,1500,1500,1500,1500,1500,1500,1500,1500,1500,1500,1500,4469.86099323569,4961.18422898224,4609.13928376928,5000,5000,5000,5000,5000,5000,5000,5000,5000,5000,5000,5000,5000,5000,5000,5000,5000,5000,5000,5000,5000,5000,5000,5000,5000,5000,5000,5000,5000,5000,5000,5000,5000,5000,5000,5000,5000,5000,5000,5000,5000,5000,5000,5000,5000,5000,5000,5000,5000,5000,5000,5000,5000,5000,5000,5000,5000,5000
5000,5000,5000,5000,5000,5000,5000,5000,5000,5000,5000,5000,5000,4506.24838871902,4456.6494720637,4080.7442456442,3286.30818329406,3893.31543113557,5000,5000,5000,4296.43744394177,4361.93407703871,4168.38198239653,1587.98260732005,1500,1500,1500,1500,1500,1500,1500,1500,1500,1500,2854.00776903452,3807.96128363685,3089.21191679931,4615.70044479987,5000,5000,5000,5000,5000,5000,5000,5000,5000,5000,5000,5000,5000,5000,5000,5000,5000,5000,5000,5000,5000,5000,5000,5000,5000,5000,5000,5000,5000,5000,5000,5000,5000,5000,5000,5000,5000,5000,5000,5000,5000,5000,5000,5000,5000,5000,5000,5000,5000,5000,5000,5000,5000,5000,5000,5000,5000,5000,5000,5000,5000
5000,5000,5000,5000,5000,5000,5000,5000,5000,5000,5000,5000,5000,5000,5000,5000,5000,5000,5000,5000,5000,5000,5000,5000,4630.24299897312,1500,1688.83452019306,1802.16324144884,1991.49902453937,1925.58458024811,1885.62181951602,1993.95102100887,2080.59192642253,1890.1340787849,2627.26512140803,5000,5000,5000,5000,5000,5000,5000,5000,5000,5000,5000,5000,5000,5000,5000,5000,5000,5000,5000,5000,5000,5000,5000,5000,5000,5000,5000,5000,5000,5000,5000,5000,5000,5000,5000,5000,5000,5000,5000,5000,5000,5000,5000,5000,5000,5000,5000,5000,5000,5000,5000,5000,5000,5000,5000,5000,5000,5000,5000,5000,5000,5000,5000,5000,5000
5000,5000,5000,5000,5000,5000,5000,5000,5000,5000,5000,5000,5000,5000,5000,5000,5000,5000,5000,5000,5000,5000,5000,5000,5000,5000,5000,5000,5000,5000,5000,5000,5000,5000,5000,5000,5000,5000,5000,5000,5000,5000,5000,5000,5000,5000,5000,5000,5000,5000,5000,5000,5000,5000,5000,5000,5000,5000,5000,5000,5000,5000,5000,5000,5000,5000,5000,5000,5000,5000,5000,5000,5000,5000,5000,5000,5000,5000,5000,5000,5000,5000,5000,5000,5000,5000,5000,5000,5000,5000,5000,5000,5000,5000,5000,5000,5000,5000,5000,5000
5000,5000,5000,5000,5000,5000,5000,5000,5000,5000,5000,5000,5000,5000,5000,5000,5000,5000,5000,5000,5000,5000,5000,5000,5000,5000,5000,5000,5000,5000,5000,5000,5000,5000,5000,5000,5000,5000,5000,5000,5000,5000,5000,5000,5000,5000,5000,5000,5000,5000,5000,5000,5000,5000,5000,5000,5000,5000,5000,5000,5000,5000,5000,5000,5000,5000,5000,5000,5000,5000,5000,5000,5000,5000,5000,5000,5000,5000,5000,5000,5000,5000,5000,5000,5000,5000,5000,5000,5000,5000,5000,5000,5000,5000,5000,5000,5000,5000,5000,5000
5000,5000,5000,5000,5000,5000,5000,5000,5000,5000,5000,5000,5000,5000,5000,5000,5000,5000,5000,5000,5000,5000,5000,5000,5000,5000,5000,5000,5000,5000,5000,5000,5000,5000,5000,5000,5000,5000,5000,5000,5000,5000,5000,5000,5000,5000,5000,5000,5000,5000,5000,5000,5000,5000,5000,5000,5000,5000,5000,5000,5000,5000,5000,5000,5000,5000,5000,5000,5000,5000,5000,5000,5000,5000,5000,5000,5000,5000,5000,5000,5000,5000,5000,5000,5000,5000,5000,5000,5000,5000,5000,5000,5000,5000,5000,5000,5000,5000,5000,5000
5000,5000,5000,5000,5000,5000,5000,5000,5000,5000,5000,5000,5000,5000,5000,5000,5000,5000,5000,5000,5000,5000,5000,5000,5000,5000,5000,5000,5000,5000,5000,5000,5000,5000,5000,5000,5000,5000,5000,5000,5000,5000,5000,5000,5000,5000,5000,5000,5000,5000,5000,5000,5000,5000,5000,5000,5000,5000,5000,5000,5000,5000,5000,5000,5000,5000,5000,5000,5000,5000,5000,5000,5000,5000,5000,5000,5000,5000,5000,5000,5000,5000,5000,5000,5000,5000,5000,5000,5000,5000,5000,5000,5000,5000,5000,5000,5000,5000,5000,5000
5000,5000,5000,5000,5000,5000,5000,5000,5000,5000,5000,5000,5000,5000,5000,5000,5000,5000,5000,5000,5000,5000,5000,5000,5000,5000,5000,5000,5000,5000,5000,5000,5000,5000,5000,5000,5000,5000,5000,5000,5000,5000,5000,5000,5000,5000,5000,5000,5000,5000,5000,5000,5000,5000,5000,5000,5000,5000,5000,5000,5000,5000,5000,5000,5000,5000,5000,5000,5000,5000,5000,5000,5000,5000,5000,5000,5000,5000,5000,5000,5000,5000,5000,5000,5000,5000,5000,5000,5000,5000,5000,5000,5000,5000,5000,5000,5000,5000,5000,5000
5000,5000,5000,5000,5000,5000,5000,5000,5000,5000,5000,5000,5000,5000,5000,5000,5000,5000,5000,5000,5000,5000,5000,5000,5000,5000,5000,5000,5000,5000,5000,5000,5000,5000,5000,5000,5000,5000,5000,5000,5000,5000,5000,5000,5000,5000,5000,5000,5000,5000,5000,5000,5000,5000,5000,5000,5000,5000,5000,5000,5000,5000,5000,5000,5000,5000,5000,5000,5000,5000,5000,5000,5000,5000,5000,5000,5000,5000,5000,5000,5000,5000,5000,5000,5000,5000,5000,5000,5000,5000,5000,5000,5000,5000,5000,5000,5000,5000,5000,5000
5000,5000,5000,5000,5000,5000,5000,5000,5000,5000,5000,5000,5000,5000,5000,5000,5000,5000,5000,5000,5000,5000,5000,5000,5000,5000,5000,5000,5000,5000,5000,5000,5000,5000,5000,5000,5000,5000,5000,5000,5000,5000,5000,5000,5000,5000,5000,5000,5000,5000,5000,5000,5000,5000,5000,5000,5000,5000,5000,5000,5000,5000,5000,5000,5000,5000,5000,5000,5000,5000,5000,5000,5000,5000,5000,5000,5000,5000,5000,5000,5000,5000,5000,5000,5000,5000,5000,5000,5000,5000,5000,5000,5000,5000,5000,5000,5000,5000,5000,5000
5000,5000,5000,5000,5000,5000,5000,5000,5000,5000,5000,5000,5000,5000,5000,5000,5000,5000,5000,5000,5000,5000,5000,5000,5000,5000,5000,5000,5000,5000,5000,5000,5000,5000,5000,5000,5000,5000,5000,5000,5000,5000,5000,5000,5000,5000,5000,5000,5000,5000,5000,5000,5000,5000,5000,5000,5000,5000,5000,5000,5000,5000,5000,5000,5000,5000,5000,5000,5000,5000,5000,5000,5000,5000,5000,5000,5000,5000,5000,5000,5000,5000,5000,5000,5000,5000,5000,5000,5000,5000,5000,5000,5000,5000,5000,5000,5000,5000,5000,5000
5000,5000,5000,5000,5000,5000,5000,5000,5000,5000,5000,5000,5000,5000,5000,5000,5000,5000,5000,5000,5000,5000,5000,5000,5000,5000,5000,5000,5000,5000,5000,5000,5000,5000,5000,5000,5000,5000,5000,5000,5000,5000,5000,5000,5000,5000,5000,5000,5000,5000,5000,5000,5000,5000,5000,5000,5000,5000,5000,5000,5000,5000,5000,5000,5000,5000,5000,5000,5000,5000,5000,5000,5000,5000,5000,5000,5000,5000,5000,5000,5000,5000,5000,5000,5000,5000,5000,5000,5000,5000,5000,5000,5000,5000,5000,5000,5000,5000,5000,5000
5000,5000,5000,5000,5000,5000,5000,5000,5000,5000,5000,5000,5000,5000,5000,5000,5000,5000,5000,5000,5000,5000,5000,5000,5000,5000,5000,5000,5000,5000,5000,5000,5000,5000,5000,5000,5000,5000,5000,5000,5000,5000,5000,5000,5000,5000,5000,5000,5000,5000,5000,5000,5000,5000,5000,5000,5000,5000,5000,5000,5000,5000,5000,5000,5000,5000,5000,5000,5000,5000,5000,5000,5000,5000,5000,5000,5000,5000,5000,5000,5000,5000,5000,5000,5000,5000,5000,5000,5000,5000,5000,5000,5000,5000,5000,5000,5000,5000,5000,5000
5000,5000,5000,5000,5000,5000,5000,5000,5000,5000,5000,5000,5000,5000,5000,5000,5000,5000,5000,5000,5000,5000,5000,5000,5000,5000,5000,5000,5000,5000,5000,5000,5000,5000,5000,5000,5000,5000,5000,5000,5000,5000,5000,5000,5000,5000,5000,5000,5000,5000,5000,5000,5000,5000,5000,5000,5000,5000,5000,5000,5000,5000,5000,5000,5000,5000,5000,5000,5000,5000,5000,5000,5000,5000,5000,5000,5000,5000,5000,5000,5000,5000,5000,5000,5000,5000,5000,5000,5000,5000,5000,5000,5000,5000,5000,5000,5000,5000,5000,5000
5000,5000,5000,5000,5000,5000,5000,5000,5000,5000,5000,5000,5000,5000,5000,5000,5000,5000,5000,5000,5000,5000,5000,5000,5000,5000,5000,5000,5000,5000,5000,5000,5000,5000,5000,5000,5000,5000,5000,5000,5000,5000,5000,5000,5000,5000,5000,5000,5000,5000,5000,5000,5000,5000,5000,5000,5000,5000,5000,5000,5000,5000,5000,5000,5000,5000,5000,5000,5000,5000,5000,5000,5000,5000,5000,5000,5000,5000,5000,5000,5000,5000,5000,5000,5000,5000,5000,5000,5000,5000,5000,5000,5000,5000,5000,5000,5000,5000,5000,5000
